Vertex Count: 348

Data:

-0.981962 1 -5.81924 0.801672 1 -0 1 0
-1.0031 1 0.996895 0.801672 0.557156 -0 1 0
1.01803 1 -5.81304 0.931612 1 -0 1 0
-1.00718 -2.31728 2.31417 0.066562 0.198404 -1 -0 -0.0031
-1.00718 -0.317282 2.31417 0.196501 0.198404 -1 -0 -0.0031
-1.0031 -1 0.996895 0.152145 0.283987 -1 -0 -0.0031
1.01923 -1 -6.20057 0.488011 0.389284 1 -0 0.0031
1.01803 1 -5.81304 0.617951 0.414462 1 -0 0.0031
0.996895 -1 1.0031 0.488011 0.857306 1 -0 0.0031
-1.0031 1 0.996895 0.671733 0.029157 -0.0022 0.7071 0.7071
-1.00718 -0.317282 2.31417 0.76186 0.029157 -0.0022 0.7071 0.7071
0.996895 1 1.0031 0.671733 0.159096 -0.0022 0.7071 0.7071
-0.98076 -1 -6.20678 0.152145 0.752009 -1 -0 -0.0031
-1.0031 -1 0.996895 0.152145 0.283987 -1 -0 -0.0031
-0.981962 1 -5.81924 0.282084 0.726831 -1 -0 -0.0031
-0.981962 1 -5.81924 0.282084 0.726831 -1 -0 -0.0031
-0.978819 1 -6.83277 0.282084 0.79268 -1 -0 -0.0031
-0.98076 -1 -6.20678 0.152145 0.752009 -1 -0 -0.0031
1.02117 1 -6.82656 0.801672 0.159096 -0 1 0
1.03106 1 -10.0176 0.801672 0.366417 -0 1 0
-0.978819 1 -6.83277 0.671733 0.159096 -0 1 0
1.02422 -1 -7.81163 0.488011 0.284615 1 -0 0.0031
1.02117 1 -6.82656 0.617951 0.348614 1 -0 0.0031
1.01923 -1 -6.20057 0.488011 0.389284 1 -0 0.0031
1.01923 -1 -6.20057 0.488011 0.389284 -0 1 0
1.01803 -3.34179 -5.81304 0.335866 0.414462 -0 1 0
1.01923 -1 -6.20057 0.488011 0.389284 -0 1 0
1.01803 1 -5.81304 0.452664 0.141294 -0.0031 -0 1
1.01803 1.14673 -5.81304 0.443146 0.141294 -0.0031 -0 1
-0.981962 1 -5.81924 0.452664 0.011354 -0.0031 -0 1
1.03106 -1 -10.0176 0.311418 0.141294 0.4481 -0 -0.894
0.324438 -1 -10.3718 0.265437 0.139418 0.4481 -0 -0.894
1.03106 1 -10.0176 0.311418 0.011792 0.4481 -0 -0.894
-0.978819 1 -6.83277 0.282084 0.79268 -1 -0 -0.0031
-0.968925 1 -10.0238 0.282084 1 -1 -0 -0.0031
-0.975765 -1 -7.81782 0.152145 0.856679 -1 -0 -0.0031
1.03106 -1 -10.0176 0.488011 0.141294 1 -0 0.0031
1.03106 1 -10.0176 0.617951 0.141294 1 -0 0.0031
1.02422 -1 -7.81163 0.488011 0.284615 1 -0 0.0031
-0.975765 -1 -7.81782 0.931612 0.390966 -0 -1 0
-0.968925 -1 -10.0238 0.931612 0.534288 -0 -1 0
1.02422 -1 -7.81163 0.801672 0.390966 -0 -1 0
-0.975765 -1 -7.81782 0.152145 0.856679 -0 1 0
-0.98076 -1 -6.20678 0.152145 0.752009 -0 1 0
-0.975765 -1 -7.81782 0.152145 0.856679 -0 1 0
1.01803 -3.34179 -5.81304 0.335866 0.414462 -0 1 0
1.02117 -3.34179 -6.82656 0.335866 0.348614 -0 1 0
1.01803 -3.34179 -5.81304 0.335866 0.414462 -0 1 0
1.02117 -3.34179 -6.82656 0.335866 0.348614 -0 1 0
1.02422 -1 -7.81163 0.488011 0.284615 -0 1 0
1.02117 -3.34179 -6.82656 0.335866 0.348614 -0 1 0
1.01803 -3.34179 -5.81304 0.335866 0.414462 1 -0 0.0031
1.02117 -3.34179 -6.82656 0.335866 0.348614 1 -0 0.0031
1.01923 -1 -6.20057 0.488011 0.389284 1 -0 0.0031
0.99281 -2.31728 2.32037 0.671733 0.446395 -0.0021 -0.7409 0.6716
0.313152 -1.52053 3.1973 0.715713 0.389285 -0.0021 -0.7409 0.6716
-1.00718 -2.31728 2.31417 0.801672 0.446395 -0.0021 -0.7409 0.6716
1.01394 -2.31728 -4.49577 0.671733 0.889239 -0 -1 0
0.99281 -2.31728 2.32037 0.671733 0.446395 -0 -1 0
-0.986046 -2.31728 -4.50197 0.801672 0.889239 -0 -1 0
-0.98076 -1 -6.20678 0.152145 0.752009 -1 -0 -0.0031
-0.986046 -2.31728 -4.50197 0.066562 0.641248 -1 -0 -0.0031
-1.0031 -1 0.996895 0.152145 0.283987 -1 -0 -0.0031
0.99281 -2.31728 2.32037 0.402428 0.94289 1 -0 0.0031
1.01394 -2.31728 -4.49577 0.402428 0.500046 1 -0 0.0031
0.996895 -1 1.0031 0.488011 0.857306 1 -0 0.0031
0.996895 1 1.0031 0.617951 0.857306 1 -0 0.0031
0.99281 -0.317282 2.32037 0.532367 0.94289 1 -0 0.0031
0.996895 -1 1.0031 0.488011 0.857306 1 -0 0.0031
1.01923 -1 -6.20057 0.671733 1 0.0019 -0.7913 -0.6114
1.01394 -2.31728 -4.49577 0.671733 0.889239 0.0019 -0.7913 -0.6114
-0.98076 -1 -6.20678 0.801672 1 0.0019 -0.7913 -0.6114
-0.332973 -1.11404 3.1953 0.97359 0.536818 -0 -1 0
-0.310868 -1.11404 -3.93388 0.97359 1 -0 -1 0
0.313152 -1.11404 3.1973 0.931612 0.536818 -0 -1 0
-1.00718 -2.31728 2.31417 0.066562 0.198404 -0.7942 -0 0.6077
-0.332973 -1.52053 3.1953 0.118326 0.141294 -0.7942 -0 0.6077
-1.00718 -0.317282 2.31417 0.196501 0.198404 -0.7942 -0 0.6077
-1.00718 -0.317282 2.31417 0.154726 0.011354 -0.0021 0.7409 0.6716
-0.332973 -1.11404 3.1953 0.211836 0.055334 -0.0021 0.7409 0.6716
0.99281 -0.317282 2.32037 0.154726 0.141293 -0.0021 0.7409 0.6716
0.99281 -0.317282 2.32037 0.532367 0.94289 0.7904 -0 0.6126
0.313152 -1.11404 3.1973 0.480603 1 0.7904 -0 0.6126
0.99281 -2.31728 2.32037 0.402428 0.94289 0.7904 -0 0.6126
1.01803 1.14673 -5.81304 0 0.011354 -0.0017 0.83 0.5578
1.02117 1.82781 -6.82656 0.065848 0.011354 -0.0017 0.83 0.5578
-0.981962 1.14673 -5.81924 0 0.141293 -0.0017 0.83 0.5578
-0.981962 1 -5.81924 0.282084 0.726831 -1 -0 -0.0031
-0.981962 1.14673 -5.81924 0.291617 0.726831 -1 -0 -0.0031
-0.978819 1 -6.83277 0.282084 0.79268 -1 -0 -0.0031
1.02117 1 -6.82656 0.617951 0.348614 1 -0 0.0031
1.02227 1 -7.18102 0.617951 0.325585 1 -0 0.0031
1.02117 1.82781 -6.82656 0.671733 0.348614 1 -0 0.0031
1.02117 1.82781 -6.82656 0.671733 0.348614 1 -0 0.0031
1.01803 1.14673 -5.81304 0.627483 0.414462 1 -0 0.0031
1.02117 1 -6.82656 0.617951 0.348614 1 -0 0.0031
-0.310868 -1.52053 -3.93388 0.479035 0.099315 -0.0031 -0 1
0.335256 -1.52053 -3.93188 0.479035 0.141294 -0.0031 -0 1
-0.310868 -1.11404 -3.93388 0.452664 0.099315 -0.0031 -0 1
0.313152 -1.11404 3.1973 0.97359 0.536818 -1 -0 -0.0031
0.335256 -1.11404 -3.93188 0.97359 0.073636 -1 -0 -0.0031
0.313152 -1.52053 3.1973 1 0.536818 -1 -0 -0.0031
0.313152 -1.52053 3.1973 0.97359 0.073636 -0 1 0
0.335256 -1.52053 -3.93188 0.97359 0.536818 -0 1 0
-0.332973 -1.52053 3.1953 0.931612 0.073636 -0 1 0
-0.332973 -1.52053 3.1953 1 0.536818 1 -0 0.0031
-0.310868 -1.52053 -3.93388 1 1 1 -0 0.0031
-0.332973 -1.11404 3.1953 0.97359 0.536818 1 -0 0.0031
-0.97772 1.82781 -7.18722 0.479035 0.087511 1 -0 0.0031
-0.97849 1.82781 -6.93902 0.49516 0.087511 1 -0 0.0031
-0.97772 1 -7.18722 0.479035 0.141293 1 -0 0.0031
-0.978819 1 -6.83277 0.357398 0.011354 -0 -1 0
-0.97772 1 -7.18722 0.380427 0.011354 -0 -1 0
1.02117 1 -6.82656 0.357398 0.141293 -0 -1 0
1.02117 1.82781 -6.82656 0.065848 0.011354 -0 1 0
1.02227 1.82781 -7.18102 0.088877 0.011354 -0 1 0
-0.978819 1.82781 -6.83277 0.065848 0.141293 -0 1 0
-0.978819 1.82781 -6.83277 0.335866 0.79268 -1 -0 -0.0031
-0.97772 1.82781 -7.18722 0.335866 0.815708 -1 -0 -0.0031
-0.978819 1 -6.83277 0.282084 0.79268 -1 -0 -0.0031
-0.260116 1 -10.3736 0.427912 0.011354 1 -0 0.0031
-0.260843 1 -10.1391 0.443146 0.011354 1 -0 0.0031
-0.260116 -1 -10.3736 0.427912 0.141294 1 -0 0.0031
-0.968925 -1 -10.0238 0.931612 0.534288 -0 -1 0
-0.260116 -1 -10.3736 0.885631 0.557156 -0 -1 0
1.03106 -1 -10.0176 0.801672 0.534288 -0 -1 0
1.03106 1 -10.0176 0.801672 0.366417 -0 1 0
0.324438 1 -10.3718 0.755692 0.389284 -0 1 0
-0.968925 1 -10.0238 0.671733 0.366417 -0 1 0
-0.968925 1 -10.0238 0.357398 0.139418 -0.4425 -0 -0.8968
-0.260116 1 -10.3736 0.311418 0.141293 -0.4425 -0 -0.8968
-0.968925 -1 -10.0238 0.357398 0.00991702 -0.4425 -0 -0.8968
0.323711 -1 -10.1373 0.799839 0.159096 0.0031 -0 -1
-0.260843 -1 -10.1391 0.76186 0.159096 0.0031 -0 -1
0.323711 1 -10.1373 0.799839 0.029595 0.0031 -0 -1
0.324438 -1 -10.3718 0.427912 0.141293 -1 -0 -0.0031
0.323711 -1 -10.1373 0.412678 0.141293 -1 -0 -0.0031
0.324438 1 -10.3718 0.427912 0.011354 -1 -0 -0.0031
-0.260116 -1 -10.3736 0.541754 0.141294 -0 1 0
-0.260843 -1 -10.1391 0.52652 0.141294 -0 1 0
0.324438 -1 -10.3718 0.541754 0.103315 -0 1 0
0.324438 1 -10.3718 0.52652 0.141294 -0 -1 0
0.323711 1 -10.1373 0.511286 0.141294 -0 -1 0
-0.260116 1 -10.3736 0.52652 0.103315 -0 -1 0
-0.97849 1 -6.93902 0.265437 0.141294 0.0031 -0 -1
-0.97849 1.82781 -6.93902 0.211836 0.141294 0.0031 -0 -1
1.0215 1 -6.93282 0.265437 0.011354 0.0031 -0 -1
-0.97772 1 -7.18722 0.396552 0.141293 -0 1 0
-0.97849 1 -6.93902 0.380427 0.141293 -0 1 0
1.02227 1 -7.18102 0.396552 0.011354 -0 1 0
1.02227 1 -7.18102 0.511285 0.141293 -1 -0 -0.0031
1.0215 1 -6.93282 0.49516 0.141293 -1 -0 -0.0031
1.02227 1.82781 -7.18102 0.511285 0.087511 -1 -0 -0.0031
1.02227 1.82781 -7.18102 0.412677 0.141293 -0 -1 0
1.0215 1.82781 -6.93282 0.396552 0.141293 -0 -1 0
-0.97772 1.82781 -7.18722 0.412677 0.011354 -0 -1 0
-0.975765 -1 -7.81782 0.152145 0.856679 -1 -0 -0.0031
-0.978819 -3.34179 -6.83277 0 0.79268 -1 -0 -0.0031
-0.98076 -1 -6.20678 0.152145 0.752009 -1 -0 -0.0031
-0.981962 -3.34179 -5.81924 0.088877 0.011354 -0 -1 0
-0.978819 -3.34179 -6.83277 0.154726 0.011354 -0 -1 0
1.01803 -3.34179 -5.81304 0.088877 0.141293 -0 -1 0
-0.98076 -1 -6.20678 0.931612 0.080794 -0.0031 0.1633 0.9866
-0.981962 -3.34179 -5.81924 0.931612 0.234087 -0.0031 0.1633 0.9866
1.01923 -1 -6.20057 0.801672 0.080794 -0.0031 0.1633 0.9866
1.02422 -1 -7.81163 0.931612 0.234087 0.0029 -0.3877 -0.9218
1.02117 -3.34179 -6.82656 0.931612 0.390967 0.0029 -0.3877 -0.9218
-0.975765 -1 -7.81782 0.801672 0.234087 0.0029 -0.3877 -0.9218
-0.98076 -1 -6.20678 0.801672 1 -0 1 0
1.01923 -1 -6.20057 0.671733 1 -0 1 0
-0.98076 -1 -6.20678 0.801672 1 -0 1 0
1.02422 -1 -7.81163 0.801672 0.390966 -0 1 0
-0.975765 -1 -7.81782 0.931612 0.390966 -0 1 0
1.02422 -1 -7.81163 0.801672 0.390966 -0 1 0
-1.0031 1 0.996895 0.801672 0.557156 -0 1 0
0.996895 1 1.0031 0.931612 0.557156 -0 1 0
1.01803 1 -5.81304 0.931612 1 -0 1 0
-1.00718 -0.317282 2.31417 0.196501 0.198404 -1 -0 -0.0031
-1.0031 1 0.996895 0.282084 0.283987 -1 -0 -0.0031
-1.0031 -1 0.996895 0.152145 0.283987 -1 -0 -0.0031
1.01803 1 -5.81304 0.617951 0.414462 1 -0 0.0031
0.996895 1 1.0031 0.617951 0.857306 1 -0 0.0031
0.996895 -1 1.0031 0.488011 0.857306 1 -0 0.0031
-1.00718 -0.317282 2.31417 0.76186 0.029157 -0.0022 0.7071 0.7071
0.99281 -0.317282 2.32037 0.76186 0.159096 -0.0022 0.7071 0.7071
0.996895 1 1.0031 0.671733 0.159096 -0.0022 0.7071 0.7071
-1.0031 -1 0.996895 0.152145 0.283987 -1 -0 -0.0031
-1.0031 1 0.996895 0.282084 0.283987 -1 -0 -0.0031
-0.981962 1 -5.81924 0.282084 0.726831 -1 -0 -0.0031
-0.978819 1 -6.83277 0.282084 0.79268 -1 -0 -0.0031
-0.975765 -1 -7.81782 0.152145 0.856679 -1 -0 -0.0031
-0.98076 -1 -6.20678 0.152145 0.752009 -1 -0 -0.0031
1.03106 1 -10.0176 0.801672 0.366417 -0 1 0
-0.968925 1 -10.0238 0.671733 0.366417 -0 1 0
-0.978819 1 -6.83277 0.671733 0.159096 -0 1 0
1.02117 1 -6.82656 0.617951 0.348614 1 -0 0.0031
1.01803 1 -5.81304 0.617951 0.414462 1 -0 0.0031
1.01923 -1 -6.20057 0.488011 0.389284 1 -0 0.0031
1.01803 -3.34179 -5.81304 0.335866 0.414462 -0 1 0
1.01803 -3.34179 -5.81304 0.335866 0.414462 -0 1 0
1.01923 -1 -6.20057 0.488011 0.389284 -0 1 0
1.01803 1.14673 -5.81304 0.443146 0.141294 -0.0031 -0 1
-0.981962 1.14673 -5.81924 0.443146 0.011354 -0.0031 -0 1
-0.981962 1 -5.81924 0.452664 0.011354 -0.0031 -0 1
0.324438 -1 -10.3718 0.265437 0.139418 0.4481 -0 -0.894
0.324438 1 -10.3718 0.265437 0.00991702 0.4481 -0 -0.894
1.03106 1 -10.0176 0.311418 0.011792 0.4481 -0 -0.894
-0.968925 1 -10.0238 0.282084 1 -1 -0 -0.0031
-0.968925 -1 -10.0238 0.152145 1 -1 -0 -0.0031
-0.975765 -1 -7.81782 0.152145 0.856679 -1 -0 -0.0031
1.03106 1 -10.0176 0.617951 0.141294 1 -0 0.0031
1.02117 1 -6.82656 0.617951 0.348614 1 -0 0.0031
1.02422 -1 -7.81163 0.488011 0.284615 1 -0 0.0031
-0.968925 -1 -10.0238 0.931612 0.534288 -0 -1 0
1.03106 -1 -10.0176 0.801672 0.534288 -0 -1 0
1.02422 -1 -7.81163 0.801672 0.390966 -0 -1 0
-0.98076 -1 -6.20678 0.152145 0.752009 -0 1 0
-0.98076 -1 -6.20678 0.152145 0.752009 -0 1 0
-0.975765 -1 -7.81782 0.152145 0.856679 -0 1 0
1.02117 -3.34179 -6.82656 0.335866 0.348614 -0 1 0
1.02117 -3.34179 -6.82656 0.335866 0.348614 -0 1 0
1.01803 -3.34179 -5.81304 0.335866 0.414462 -0 1 0
1.02422 -1 -7.81163 0.488011 0.284615 -0 1 0
1.02422 -1 -7.81163 0.488011 0.284615 -0 1 0
1.02117 -3.34179 -6.82656 0.335866 0.348614 -0 1 0
1.02117 -3.34179 -6.82656 0.335866 0.348614 1 -0 0.0031
1.02422 -1 -7.81163 0.488011 0.284615 1 -0 0.0031
1.01923 -1 -6.20057 0.488011 0.389284 1 -0 0.0031
0.313152 -1.52053 3.1973 0.715713 0.389285 -0.0021 -0.7409 0.6716
-0.332973 -1.52053 3.1953 0.757692 0.389285 -0.0021 -0.7409 0.6716
-1.00718 -2.31728 2.31417 0.801672 0.446395 -0.0021 -0.7409 0.6716
0.99281 -2.31728 2.32037 0.671733 0.446395 -0 -1 0
-1.00718 -2.31728 2.31417 0.801672 0.446395 -0 -1 0
-0.986046 -2.31728 -4.50197 0.801672 0.889239 -0 -1 0
-0.986046 -2.31728 -4.50197 0.066562 0.641248 -1 -0 -0.0031
-1.00718 -2.31728 2.31417 0.066562 0.198404 -1 -0 -0.0031
-1.0031 -1 0.996895 0.152145 0.283987 -1 -0 -0.0031
1.01394 -2.31728 -4.49577 0.402428 0.500046 1 -0 0.0031
1.01923 -1 -6.20057 0.488011 0.389284 1 -0 0.0031
0.996895 -1 1.0031 0.488011 0.857306 1 -0 0.0031
0.99281 -0.317282 2.32037 0.532367 0.94289 1 -0 0.0031
0.99281 -2.31728 2.32037 0.402428 0.94289 1 -0 0.0031
0.996895 -1 1.0031 0.488011 0.857306 1 -0 0.0031
1.01394 -2.31728 -4.49577 0.671733 0.889239 0.0019 -0.7913 -0.6114
-0.986046 -2.31728 -4.50197 0.801672 0.889239 0.0019 -0.7913 -0.6114
-0.98076 -1 -6.20678 0.801672 1 0.0019 -0.7913 -0.6114
-0.310868 -1.11404 -3.93388 0.97359 1 -0 -1 0
0.335256 -1.11404 -3.93188 0.931612 1 -0 -1 0
0.313152 -1.11404 3.1973 0.931612 0.536818 -0 -1 0
-0.332973 -1.52053 3.1953 0.118326 0.141294 -0.7942 -0 0.6077
-0.332973 -1.11404 3.1953 0.144736 0.141294 -0.7942 -0 0.6077
-1.00718 -0.317282 2.31417 0.196501 0.198404 -0.7942 -0 0.6077
-0.332973 -1.11404 3.1953 0.211836 0.055334 -0.0021 0.7409 0.6716
0.313152 -1.11404 3.1973 0.211836 0.097313 -0.0021 0.7409 0.6716
0.99281 -0.317282 2.32037 0.154726 0.141293 -0.0021 0.7409 0.6716
0.313152 -1.11404 3.1973 0.480603 1 0.7904 -0 0.6126
0.313152 -1.52053 3.1973 0.454193 1 0.7904 -0 0.6126
0.99281 -2.31728 2.32037 0.402428 0.94289 0.7904 -0 0.6126
1.02117 1.82781 -6.82656 0.065848 0.011354 -0.0017 0.83 0.5578
-0.978819 1.82781 -6.83277 0.065848 0.141293 -0.0017 0.83 0.5578
-0.981962 1.14673 -5.81924 0 0.141293 -0.0017 0.83 0.5578
-0.981962 1.14673 -5.81924 0.291617 0.726831 -1 -0 -0.0031
-0.978819 1.82781 -6.83277 0.335866 0.79268 -1 -0 -0.0031
-0.978819 1 -6.83277 0.282084 0.79268 -1 -0 -0.0031
1.02227 1 -7.18102 0.617951 0.325585 1 -0 0.0031
1.02227 1.82781 -7.18102 0.671733 0.325585 1 -0 0.0031
1.02117 1.82781 -6.82656 0.671733 0.348614 1 -0 0.0031
1.01803 1.14673 -5.81304 0.627483 0.414462 1 -0 0.0031
1.01803 1 -5.81304 0.617951 0.414462 1 -0 0.0031
1.02117 1 -6.82656 0.617951 0.348614 1 -0 0.0031
0.335256 -1.52053 -3.93188 0.479035 0.141294 -0.0031 -0 1
0.335256 -1.11404 -3.93188 0.452664 0.141294 -0.0031 -0 1
-0.310868 -1.11404 -3.93388 0.452664 0.099315 -0.0031 -0 1
0.335256 -1.11404 -3.93188 0.97359 0.073636 -1 -0 -0.0031
0.335256 -1.52053 -3.93188 1 0.073636 -1 -0 -0.0031
0.313152 -1.52053 3.1973 1 0.536818 -1 -0 -0.0031
0.335256 -1.52053 -3.93188 0.97359 0.536818 -0 1 0
-0.310868 -1.52053 -3.93388 0.931612 0.536818 -0 1 0
-0.332973 -1.52053 3.1953 0.931612 0.073636 -0 1 0
-0.310868 -1.52053 -3.93388 1 1 1 -0 0.0031
-0.310868 -1.11404 -3.93388 0.97359 1 1 -0 0.0031
-0.332973 -1.11404 3.1953 0.97359 0.536818 1 -0 0.0031
-0.97849 1.82781 -6.93902 0.49516 0.087511 1 -0 0.0031
-0.97849 1 -6.93902 0.49516 0.141293 1 -0 0.0031
-0.97772 1 -7.18722 0.479035 0.141293 1 -0 0.0031
-0.97772 1 -7.18722 0.380427 0.011354 -0 -1 0
1.02227 1 -7.18102 0.380427 0.141293 -0 -1 0
1.02117 1 -6.82656 0.357398 0.141293 -0 -1 0
1.02227 1.82781 -7.18102 0.088877 0.011354 -0 1 0
-0.97772 1.82781 -7.18722 0.088877 0.141293 -0 1 0
-0.978819 1.82781 -6.83277 0.065848 0.141293 -0 1 0
-0.97772 1.82781 -7.18722 0.335866 0.815708 -1 -0 -0.0031
-0.97772 1 -7.18722 0.282084 0.815708 -1 -0 -0.0031
-0.978819 1 -6.83277 0.282084 0.79268 -1 -0 -0.0031
-0.260843 1 -10.1391 0.443146 0.011354 1 -0 0.0031
-0.260843 -1 -10.1391 0.443146 0.141294 1 -0 0.0031
-0.260116 -1 -10.3736 0.427912 0.141294 1 -0 0.0031
-0.260116 -1 -10.3736 0.885631 0.557156 -0 -1 0
0.324438 -1 -10.3718 0.847653 0.557156 -0 -1 0
1.03106 -1 -10.0176 0.801672 0.534288 -0 -1 0
0.324438 1 -10.3718 0.755692 0.389284 -0 1 0
-0.260116 1 -10.3736 0.717713 0.389284 -0 1 0
-0.968925 1 -10.0238 0.671733 0.366417 -0 1 0
-0.260116 1 -10.3736 0.311418 0.141293 -0.4425 -0 -0.8968
-0.260116 -1 -10.3736 0.311418 0.011792 -0.4425 -0 -0.8968
-0.968925 -1 -10.0238 0.357398 0.00991702 -0.4425 -0 -0.8968
-0.260843 -1 -10.1391 0.76186 0.159096 0.0031 -0 -1
-0.260843 1 -10.1391 0.76186 0.029595 0.0031 -0 -1
0.323711 1 -10.1373 0.799839 0.029595 0.0031 -0 -1
0.323711 -1 -10.1373 0.412678 0.141293 -1 -0 -0.0031
0.323711 1 -10.1373 0.412678 0.011354 -1 -0 -0.0031
0.324438 1 -10.3718 0.427912 0.011354 -1 -0 -0.0031
-0.260843 -1 -10.1391 0.52652 0.141294 -0 1 0
0.323711 -1 -10.1373 0.52652 0.103315 -0 1 0
0.324438 -1 -10.3718 0.541754 0.103315 -0 1 0
0.323711 1 -10.1373 0.511286 0.141294 -0 -1 0
-0.260843 1 -10.1391 0.511286 0.103315 -0 -1 0
-0.260116 1 -10.3736 0.52652 0.103315 -0 -1 0
-0.97849 1.82781 -6.93902 0.211836 0.141294 0.0031 -0 -1
1.0215 1.82781 -6.93282 0.211836 0.011354 0.0031 -0 -1
1.0215 1 -6.93282 0.265437 0.011354 0.0031 -0 -1
-0.97849 1 -6.93902 0.380427 0.141293 -0 1 0
1.0215 1 -6.93282 0.380427 0.011354 -0 1 0
1.02227 1 -7.18102 0.396552 0.011354 -0 1 0
1.0215 1 -6.93282 0.49516 0.141293 -1 -0 -0.0031
1.0215 1.82781 -6.93282 0.49516 0.087511 -1 -0 -0.0031
1.02227 1.82781 -7.18102 0.511285 0.087511 -1 -0 -0.0031
1.0215 1.82781 -6.93282 0.396552 0.141293 -0 -1 0
-0.97849 1.82781 -6.93902 0.396552 0.011354 -0 -1 0
-0.97772 1.82781 -7.18722 0.412677 0.011354 -0 -1 0
-0.978819 -3.34179 -6.83277 0 0.79268 -1 -0 -0.0031
-0.981962 -3.34179 -5.81924 0 0.726831 -1 -0 -0.0031
-0.98076 -1 -6.20678 0.152145 0.752009 -1 -0 -0.0031
-0.978819 -3.34179 -6.83277 0.154726 0.011354 -0 -1 0
1.02117 -3.34179 -6.82656 0.154726 0.141293 -0 -1 0
1.01803 -3.34179 -5.81304 0.088877 0.141293 -0 -1 0
-0.981962 -3.34179 -5.81924 0.931612 0.234087 -0.0031 0.1633 0.9866
1.01803 -3.34179 -5.81304 0.801672 0.234087 -0.0031 0.1633 0.9866
1.01923 -1 -6.20057 0.801672 0.080794 -0.0031 0.1633 0.9866
1.02117 -3.34179 -6.82656 0.931612 0.390967 0.0029 -0.3877 -0.9218
-0.978819 -3.34179 -6.83277 0.801672 0.390967 0.0029 -0.3877 -0.9218
-0.975765 -1 -7.81782 0.801672 0.234087 0.0029 -0.3877 -0.9218
1.01923 -1 -6.20057 0.671733 1 -0 1 0
1.01923 -1 -6.20057 0.671733 1 -0 1 0
-0.98076 -1 -6.20678 0.801672 1 -0 1 0
-0.975765 -1 -7.81782 0.931612 0.390966 -0 1 0
-0.975765 -1 -7.81782 0.931612 0.390966 -0 1 0
1.02422 -1 -7.81163 0.801672 0.390966 -0 1 0
