Vertex Count: 198

Data:

-1 1 -2.68873 0.47508 0.625422 -0 1 0
-1 1 5.81617 0.47508 0.207286 -0 1 0
1 1 5.81617 0.573437 0.207286 -0 1 0
1 -0.317282 -10.2754 0.442867 0 1 -0.0071 -0.0006
1 1 -2.68873 0.47508 0.377314 1 -0.0071 -0.0006
1 -1 -2.68873 0.377092 0.368792 1 -0.0071 -0.0006
-1 1 5.81617 0.217039 0.205998 -1 -0 0
-1 1 -2.68873 0.253278 0.622686 -1 -0 0
-1 -1 -2.68873 0.155291 0.631208 -1 -0 0
-1 -0.317282 -10.2754 0.47508 1 -0 0.9853 -0.1711
-1 1 -2.68873 0.47508 0.625422 -0 0.9853 -0.1711
1 1 -2.68873 0.573437 0.625422 -0 0.9853 -0.1711
1 1 -2.68873 0.47508 0.377314 1 -0 0
1 1 5.81617 0.438841 0.794002 1 -0 0
1 -1 6.2037 0.339202 0.804467 1 -0 0
1 -1 7.81476 0.332337 0.883399 1 -0 0
1 -1 6.2037 0.339202 0.804467 1 -0 0
1 1 5.81617 0.438841 0.794002 1 -0 0
1 1 10.0207 0.770153 0.308227 -0 1 0
1 1 6.8297 0.770153 0.465111 -0 1 0
-1 1 6.8297 0.671795 0.465111 -0 1 0
-1 1 6.8297 0.212721 0.156342 -1 -0 0
-1 1 5.81617 0.217039 0.205998 -1 -0 0
-1 -1 6.2037 0.1174 0.195533 -1 -0 0
-1 -3.34179 5.81617 0.671795 0.289323 -0 1 0
-1 -3.34179 5.81617 0.671795 0.289323 -0 1 0
-1 -1 6.2037 0.671795 0.289323 -0 1 0
1 1.14673 5.81617 0.790237 0.274252 -0 -0 -1
1 1 5.81617 0.783023 0.274252 -0 -0 -1
-1 1 5.81617 0.783023 0.175894 -0 -0 -1
-0.292279 1 10.3727 0.969905 0.134815 -0.4453 -0 0.8954
-1 1 10.0207 0.9351 0.133816 -0.4453 -0 0.8954
-1 -1 10.0207 0.9351 0.035622 -0.4453 -0 0.8954
1 -1 10.0207 0.322938 0.991478 1 -0 0
1 -1 7.81476 0.332337 0.883399 1 -0 0
1 1 6.8297 0.434522 0.843658 1 -0 0
-1 1 10.0207 0.199124 0 -1 -0 0
-1 1 6.8297 0.212721 0.156342 -1 -0 0
-1 -1 7.81476 0.110536 0.116601 -1 -0 0
-1 -1 10.0207 0.671795 0.153832 -0 -1 0
-1 -1 7.81476 0.671795 0.045371 -0 -1 0
1 -1 7.81476 0.770153 0.045367 -0 -1 0
1 -1 6.2037 0.671795 0.289323 -0 1 0
1 -1 6.2037 0.671795 0.289323 -0 1 0
1 -1 7.81476 0.671795 0.289323 -0 1 0
-1 -3.34179 6.8297 0.671795 0.289323 -0 1 0
-1 -3.34179 6.8297 0.671795 0.289323 -0 1 0
-1 -3.34179 5.81617 0.671795 0.289323 -0 1 0
-1 -1 7.81476 0.671795 0.289323 -0 1 0
-1 -1 7.81476 0.671795 0.289323 -0 1 0
-1 -3.34179 6.8297 0.671795 0.289323 -0 1 0
-1 -3.34179 6.8297 0 0.174842 -1 -0 0
-1 -1 7.81476 0.110536 0.116601 -1 -0 0
-1 -1 6.2037 0.1174 0.195533 -1 -0 0
0.323064 -1.52053 -9.03161 0.93492 0.92217 0.0042 -0.5485 -0.8361
0.97292 -2.30047 -8.51346 0.966853 0.959919 0.0042 -0.5485 -0.8361
-1.02676 -2.33475 -8.50424 0.86851 0.961594 0.0042 -0.5485 -0.8361
1.02676 -3.11653 -8.478 0.298061 0.076134 0.9994 0.034 0
0.97292 -2.30047 -8.51346 0.338198 0.077874 0.9994 0.034 0
1 -2.31728 2.3966 0.290885 0.612329 0.9994 0.034 0
0.97292 -2.30047 -8.51346 0.338198 0.077874 1 -0.0053 -0.0014
1 -1 -2.68873 0.377092 0.368792 1 -0.0053 -0.0014
1 -1 6.2037 0.339202 0.804467 1 -0.0053 -0.0014
-1 -2.31728 2.3966 0.069083 0.387671 -1 0.0052 0.0013
-1 -1 6.2037 0.1174 0.195533 -1 0.0052 0.0013
-1 -1 -2.68873 0.155291 0.631208 -1 0.0052 0.0013
-1.02676 -2.33475 -8.50424 0.114678 0.921821 -1 0.0069 0.0006
-1 -1 -2.68873 0.155291 0.631208 -1 0.0069 0.0006
-1 1 -2.68873 0.253278 0.622686 -1 0.0069 0.0006
1 -2.31728 2.3966 0.573437 0.289323 -0 -0.945 0.327
1 -1 6.2037 0.573437 0.103543 -0 -0.945 0.327
-1 -1 6.2037 0.671795 0.103485 -0 -0.945 0.327
-0.323064 -1.11404 4.16158 0.606766 1 -0 -1 0
-0.323064 -1.11404 -9.03161 0.606788 0.351326 -0 -1 0
0.323064 -1.11404 -9.03161 0.638564 0.351326 -0 -1 0
0.323064 -1.11404 -9.03161 0.93492 0.902184 -0.3981 -0.5415 -0.7405
1 -0.317282 -10.2754 0.968273 0.864444 -0.3981 -0.5415 -0.7405
0.97292 -2.30047 -8.51346 0.966853 0.959919 -0.3981 -0.5415 -0.7405
-0.323064 -1.11404 -9.03161 0.606788 0.351326 -0 -0.842 -0.5394
-1 -0.317282 -10.2754 0.573437 0.289323 -0 -0.842 -0.5394
1 -0.317282 -10.2754 0.671795 0.289323 -0 -0.842 -0.5394
-0.323064 -1.52053 -9.03161 0.903144 0.92217 0.3914 -0.5457 -0.7409
-1.02676 -2.33475 -8.50424 0.86851 0.961594 0.3914 -0.5457 -0.7409
-1 -0.317282 -10.2754 0.869915 0.864444 0.3914 -0.5457 -0.7409
1 1.82781 6.8297 0.47508 0.108929 -0 0.83 -0.5578
1 1.14673 5.81617 0.525729 0.108929 -0 0.83 -0.5578
-1 1.14673 5.81617 0.525729 0.207286 -0 0.83 -0.5578
1 1.82781 6.8297 0.47508 0.847186 1 -0 0
1 1 6.8297 0.434522 0.843658 1 -0 0
1 1 5.81617 0.438841 0.794002 1 -0 0
-1 1.39687 7.18415 0.230655 0.137284 -1 -0 0
-1 1.82781 6.8297 0.253278 0.152814 -1 -0 0
-1 1 6.8297 0.212721 0.156342 -1 -0 0
-1 1.14673 5.81617 0.224228 0.205373 -1 -0 0
-1 1 5.81617 0.217039 0.205998 -1 -0 0
-1 1 6.8297 0.212721 0.156342 -1 -0 0
-0.323064 -1.11404 4.16158 0.790352 0.113737 -0 -0 -1
0.323064 -1.11404 4.16158 0.790352 0.145513 -0 -0 -1
0.323064 -1.52053 4.16158 0.770366 0.145512 -0 -0 -1
-0.323064 -1.52053 4.16158 0.900295 0.783641 1 -0 0
-0.323064 -1.52053 -9.03161 0.900295 0.134815 1 -0 0
-0.323064 -1.11404 -9.03161 0.920286 0.134815 1 -0 0
0.323064 -1.52053 4.16158 0.900295 0.135009 -0 1 0
0.323064 -1.52053 -9.03161 0.900295 0.783641 -0 1 0
-0.323064 -1.52053 -9.03161 0.868519 0.783641 -0 1 0
0.323064 -1.11404 4.16158 0.940277 0.134814 -1 -0 0
0.323064 -1.11404 -9.03161 0.940277 0.783641 -1 -0 0
0.323064 -1.52053 -9.03161 0.920286 0.783641 -1 -0 0
1 1 6.93596 0.862467 0.16503 -1 -0 0
1 1 7.18415 0.850261 0.16503 -1 -0 0
1 1.39687 7.18415 0.850261 0.145513 -1 -0 0
-1 1 7.18415 0.77082 0.274252 -0 -1 0
-1 1 6.8297 0.788247 0.274252 -0 -1 0
1 1 6.8297 0.788247 0.37261 -0 -1 0
1 1.39687 7.18415 0.790305 0.569326 -0 0.6352 0.7723
1 1.82781 6.8297 0.770153 0.569326 -0 0.6352 0.7723
-1 1.82781 6.8297 0.770153 0.470968 -0 0.6352 0.7723
1 1 7.18415 0.433012 0.861025 1 -0 0
1 1 6.8297 0.434522 0.843658 1 -0 0
1 1.82781 6.8297 0.47508 0.847186 1 -0 0
0.292279 -1 11.5909 0.850261 0.342228 1 -0 0
0.292279 -1 10.3727 0.790352 0.342228 1 -0 0
0.292279 1 10.3727 0.790352 0.24387 1 -0 0
-0.292279 -1 10.3727 0.7066 0.171137 -0 -1 0
-1 -1 10.0207 0.671795 0.153832 -0 -1 0
1 -1 10.0207 0.770153 0.153829 -0 -1 0
0.292279 1 10.3727 0.735348 0.290922 -0 1 0
1 1 10.0207 0.770153 0.308227 -0 1 0
-1 1 10.0207 0.671795 0.308227 -0 1 0
0.292279 -1 10.3727 0.9351 0.133817 0.4453 -0 0.8954
1 -1 10.0207 0.900295 0.134815 0.4453 -0 0.8954
1 1 10.0207 0.900295 0.036621 0.4453 -0 0.8954
0.292279 1 11.5909 0.940277 0.685447 -0 -0 1
-0.292279 1 11.5909 0.969025 0.685447 -0 -0 1
-0.292279 -1 11.5909 0.969025 0.783641 -0 -0 1
-0.292279 1 11.5909 0.790352 0.145513 -1 -0 0
-0.292279 1 10.3727 0.850261 0.145513 -1 -0 0
-0.292279 -1 10.3727 0.850261 0.24387 -1 -0 0
-0.292279 -1 11.5909 0.7066 0.231031 -0 -1 0
-0.292279 -1 10.3727 0.7066 0.171137 -0 -1 0
0.292279 -1 10.3727 0.735348 0.171136 -0 -1 0
0.292279 1 11.5909 0.735348 0.231031 -0 1 0
0.292279 1 10.3727 0.735348 0.290922 -0 1 0
-0.292279 1 10.3727 0.7066 0.290922 -0 1 0
-1 1.39687 6.93596 0.77082 0.37261 -0 -0 1
-1 1 6.93596 0.790305 0.37261 -0 -0 1
1 1 6.93596 0.790305 0.470968 -0 -0 1
-1 1 6.93596 0.862463 0.342228 -0 1 0
-1 1 7.18415 0.850261 0.342228 -0 1 0
1 1 7.18415 0.850261 0.24387 -0 1 0
-1 1.39687 6.93596 0.77082 0.156376 1 -0 0
-1 1.39687 7.18415 0.783026 0.156376 1 -0 0
-1 1 7.18415 0.783026 0.175894 1 -0 0
1 1.39687 6.93596 0.783023 0.274252 -0 -1 0
1 1.39687 7.18415 0.77082 0.274252 -0 -1 0
-1 1.39687 7.18415 0.77082 0.175894 -0 -1 0
1 -3.34179 5.81617 0.868519 0.439658 1 -0 0
1 -1 6.2037 0.868519 0.55639 1 -0 0
1 -1 7.81476 0.790352 0.569326 1 -0 0
1 -5.34986 5.81617 0.852396 0.342228 1 -0 0
1 -3.34179 5.81617 0.868519 0.439658 1 -0 0
1 -3.34179 6.8297 0.819344 0.447795 1 -0 0
-1 -3.34179 5.81617 0.86851 0.66806 -0 0.1633 -0.9866
-1 -1 6.2037 0.868519 0.783641 -0 0.1633 -0.9866
1 -1 6.2037 0.770161 0.783635 -0 0.1633 -0.9866
1 -3.34179 6.8297 0.770152 0.901409 -0 -0.3877 0.9218
1 -1 7.81476 0.770152 0.783641 -0 -0.3877 0.9218
-1 -1 7.81476 0.86851 0.783641 -0 -0.3877 0.9218
-1 -1 6.2037 0.671795 0.289323 -0 1 0
-1 -1 6.2037 0.671795 0.289323 -0 1 0
1 -1 6.2037 0.671795 0.289323 -0 1 0
1 -1 7.81476 0.671795 0.289323 -0 1 0
1 -1 7.81476 0.671795 0.289323 -0 1 0
-1 -1 7.81476 0.671795 0.289323 -0 1 0
-1 -5.34986 6.8297 0.850462 0.03665 -0 -1 0
-1 -5.34986 5.81617 0.900295 0.036652 -0 -1 0
1 -5.34986 5.81617 0.900295 0.135009 -0 -1 0
-1 -5.34986 5.81617 0.868519 0.569332 -0 -0 -1
-1 -3.34179 5.81617 0.86851 0.66806 -0 -0 -1
1 -3.34179 5.81617 0.770153 0.668053 -0 -0 -1
-1 -5.34986 6.8297 0.840196 0.046758 -1 -0 0
-1 -3.34179 6.8297 0.840196 0.145513 -1 -0 0
-1 -3.34179 5.81617 0.790352 0.145513 -1 -0 0
1 -5.34986 6.8297 0.770152 1 -0 -0 1
1 -3.34179 6.8297 0.770152 0.901409 -0 -0 1
-1 -3.34179 6.8297 0.86851 0.901409 -0 -0 1
1.02676 -3.11653 -8.478 0.770152 0.465111 -0.0155 -0.9999 0
1 -3.08486 2.3966 0.770152 0.999754 -0.0155 -0.9999 0
-1 -3.08486 2.3966 0.671795 1 -0.0155 -0.9999 0
-1 -3.08486 2.3966 0.031477 0.390942 -0.9993 -0.0362 0
-1 -2.31728 2.3966 0.069083 0.387671 -0.9993 -0.0362 0
-1.02676 -2.33475 -8.50424 0.114678 0.921821 -0.9993 -0.0362 0
-0.97292 -3.05439 -8.46879 0.871156 0.996934 -0.0049 -0.0465 -0.9989
-1.02676 -2.33475 -8.50424 0.86851 0.961594 -0.0049 -0.0465 -0.9989
0.97292 -2.30047 -8.51346 0.966853 0.959919 -0.0049 -0.0465 -0.9989
1 -3.08486 2.3966 0.563415 0.207286 -0 -0 1
1 -2.31728 2.3966 0.525729 0.207286 -0 -0 1
-1 -2.31728 2.3966 0.525729 0.108929 -0 -0 1
