Vertex Count: 276

Data:

-0.996972 1 7.49701 0.798675 0.896595 -0 1 0
1.00303 1 7.4962 0.683125 0.896595 -0 1 0
-1.00007 1 -0.18548 0.798675 0.452739 -0 1 0
1.00303 -1 7.4962 0.182643 0.634794 1 -0 -0.0004
1.0004 -1 0.985474 0.182643 0.258636 1 -0 -0.0004
1.00303 1 7.4962 0.298193 0.634794 1 -0 -0.0004
1.0004 -1 0.985474 0.914225 1 -0.0003 -0.5055 -0.8628
-0.999602 -1 0.986281 0.914225 0.88445 -0.0003 -0.5055 -0.8628
0.999925 1 -0.186288 0.993609 1 -0.0003 -0.5055 -0.8628
-0.999602 -1 0.986281 0.914225 0.491216 -0 -1 0
1.0004 -1 0.985474 0.798675 0.491216 -0 -1 0
-0.996972 -1 7.49701 0.914225 0.11555 -0 -1 0
-0.996972 -1 7.49701 0.524205 0.556143 -1 -0 0.0004
-0.999596 -1 1.00067 0.524205 0.93147 -1 -0 0.0004
-0.996972 -2.42625 7.49701 0.441804 0.556143 -1 -0 0.0004
-0.996972 -1 7.49701 0.524205 0.556143 -1 -0 0.0004
-0.996972 1 7.49701 0.639755 0.556143 -1 -0 0.0004
-0.999602 -1 0.986281 0.524205 0.932301 -1 -0 0.0004
1.00375 1 9.28598 0.298193 0.738198 1 -0 -0.0004
1.00375 1.75065 9.28598 0.341562 0.738198 1 -0 -0.0004
1.00436 1 10.803 0.298193 0.825847 1 -0 -0.0004
-0.996972 1 7.49701 0.798675 0.896595 -0 1 0
-0.996249 1 9.28679 0.798675 1 -0 1 0
1.00303 1 7.4962 0.683125 0.896595 -0 1 0
1.00303 1 7.4962 0.298193 0.634794 1 -0 -0.0004
1.00375 1 9.28598 0.298193 0.738198 1 -0 -0.0004
1.00303 -1 7.4962 0.182643 0.634794 1 -0 -0.0004
-0.996972 -1 7.49701 0.524205 0.556143 -1 -0 0.0004
-0.996249 -1 9.28679 0.524205 0.452739 -1 -0 0.0004
-0.996972 1 7.49701 0.639755 0.556143 -1 -0 0.0004
1.00436 1 10.803 0.298193 0.825847 1 -0 -0.0004
1.00485 1 12.0008 0.298193 0.895047 1 -0 -0.0004
1.00436 -1 10.803 0.182643 0.825847 1 -0 -0.0004
-0.996249 -1 9.28679 0.524205 0.452739 -1 -0 0.0004
-0.995637 -1 10.8038 0.524205 0.365091 -1 -0 0.0004
-0.996249 1 9.28679 0.639755 0.452739 -1 -0 0.0004
1.00375 -1 9.28598 0.65662 0.190937 -0 -1 0
1.00436 -1 10.803 0.569087 0.190937 -0 -1 0
-0.996249 -1 9.28679 0.65662 0.075387 -0 -1 0
1.00375 1 9.28598 0.298193 0.738198 1 -0 -0.0004
1.00436 1 10.803 0.298193 0.825847 1 -0 -0.0004
1.00375 -1 9.28598 0.182643 0.738198 1 -0 -0.0004
1.00303 -2.42625 7.4962 0.914225 0.892816 0.0002 -0.8038 0.5949
1.00375 -1.10154 9.28598 0.914225 1 0.0002 -0.8038 0.5949
-0.996972 -2.42625 7.49701 0.798675 0.892816 0.0002 -0.8038 0.5949
-0.996972 -2.42625 7.49701 0.441804 0.556143 -1 -0 0.0004
-0.996249 -1.10154 9.28679 0.518339 0.452739 -1 -0 0.0004
-0.996972 -1 7.49701 0.524205 0.556143 -1 -0 0.0004
1.00375 -1 9.28598 0.182643 0.738198 1 -0 -0.0004
1.00375 -1.10154 9.28598 0.176777 0.738198 1 -0 -0.0004
1.00303 -1 7.4962 0.182643 0.634794 1 -0 -0.0004
-0.996249 -1 9.28679 0.914225 0.191147 0.0004 -0 1
-0.996249 -1.10154 9.28679 0.920008 0.191147 0.0004 -0 1
1.00375 -1 9.28598 0.914225 0.306697 0.0004 -0 1
1.00485 -1 12.0008 0.462231 0.075375 0.0001 -0.9348 0.3552
1.00538 -0.309638 13.8174 0.569087 0.075387 0.0001 -0.9348 0.3552
-0.995153 -1 12.0016 0.462231 0.190926 0.0001 -0.9348 0.3552
-0.995637 1 10.8038 0.346681 0.016784 -0 1 0
-0.995153 1 12.0016 0.346676 0.085984 -0 1 0
1.00436 1 10.803 0.231131 0.016776 -0 1 0
-0.995637 -1 10.8038 0.524205 0.365091 -1 -0 0.0004
-0.995153 -1 12.0016 0.524205 0.29589 -1 -0 0.0004
-0.995637 1 10.8038 0.639755 0.365091 -1 -0 0.0004
-0.995637 -4.16128 9.7934 0.341562 0.42347 -1 -0.0001 0.0004
-0.995153 -4.16128 10.8944 0.341562 0.35986 -1 -0.0001 0.0004
-0.995637 -1 10.8038 0.524205 0.365091 -1 -0.0001 0.0004
1.00485 -4.16128 10.8936 0.977751 0.768897 -0 -1 0
-0.995153 -4.16128 10.8944 0.977751 0.884448 -0 -1 0
1.00436 -4.16128 9.79259 0.914225 0.7689 -0 -1 0
-0.995153 -1 12.0016 0.2311 0.000138998 0.0004 -0.3306 0.9438
-0.995153 -4.16128 10.8944 0.2311 0.190922 0.0004 -0.3306 0.9438
1.00485 -1 12.0008 0.11555 0.000154972 0.0004 -0.3306 0.9438
1.00485 -1 12.0008 0.182643 0.895047 1 0.0001 -0.0004
1.00485 -4.16128 10.8936 0 0.831078 1 0.0001 -0.0004
1.00436 -1 10.803 0.182643 0.825847 1 0.0001 -0.0004
1.00436 -4.16128 9.79259 0.11555 0.190937 -0.0004 0.3045 -0.9525
-0.995637 -4.16128 9.7934 0 0.190923 -0.0004 0.3045 -0.9525
1.00436 -1 10.803 0.11555 9.20296e-05 -0.0004 0.3045 -0.9525
-0.99462 -0.309638 13.8182 0.346681 0.190937 0.0003 0.7671 0.6415
1.00538 -0.309638 13.8174 0.231131 0.190929 0.0003 0.7671 0.6415
-0.99462 1 12.2521 0.34665 0.100456 0.0003 0.7671 0.6415
1.00485 1 12.0008 0.298193 0.895047 1 -0 -0.0021
1.00538 1 12.2513 0.298193 0.909519 1 -0 -0.0021
1.00485 -1 12.0008 0.182643 0.895047 1 -0 -0.0021
-0.995153 1 12.0016 0.346676 0.085984 -0 1 0
-0.99462 1 12.2521 0.34665 0.100456 -0 1 0
1.00485 1 12.0008 0.231126 0.085977 -0 1 0
-0.99462 -0.309638 13.8182 0.564091 0.190937 -1 0.0002 0.0002
-0.99462 1 12.2521 0.639755 0.281418 -1 0.0002 0.0002
-0.995153 -1 12.0016 0.524205 0.29589 -1 0.0002 0.0002
-0.996249 1.75065 9.28679 0.462231 0.067198 -0 1 0
-0.995637 1.75065 10.8038 0.462231 0.154845 -0 1 0
1.00375 1.75065 9.28598 0.346681 0.067198 -0 1 0
1.00462 1.75065 11.4277 0.341562 0.861938 1 -0 -0.0004
1.00441 1 10.916 0.298193 0.832375 1 -0 -0.0004
1.00436 1.75065 10.803 0.341562 0.825847 1 -0 -0.0004
1.00375 1.75065 9.28598 0.346681 0.067198 -0 1 0
1.00367 1.75065 9.09974 0.346681 0.056437 -0 1 0
-0.996249 1.75065 9.28679 0.462231 0.067198 -0 1 0
-0.995637 1 10.8038 0.639755 0.365091 -1 -0 0.0004
-0.995637 1.75065 10.8038 0.683125 0.365091 -1 -0 0.0004
-0.996249 1 9.28679 0.639755 0.452739 -1 -0 0.0004
1.0004 -1 0.999862 0.798675 0 -0.0004 0.3093 -0.951
1.00022 -2.42625 0.536001 0.884959 0 -0.0004 0.3093 -0.951
-0.999596 -1 1.00067 0.798675 0.11555 -0.0004 0.3093 -0.951
-0.996972 -2.42625 7.49701 0.798675 0.892816 -0 -1 0
-0.999783 -2.42625 0.536808 0.798675 0.491216 -0 -1 0
1.00303 -2.42625 7.4962 0.914225 0.892816 -0 -1 0
1.00303 -1 7.4962 0.798675 0.077412 -0 1 0
1.0004 -1 0.999862 0.798675 0.452739 -0 1 0
-0.996972 -1 7.49701 0.683125 0.077412 -0 1 0
1.00022 -2.42625 0.536001 0.100242 0.232668 1 -0 -0.0004
1.0004 -1 0.999862 0.182643 0.259467 1 -0 -0.0004
1.00303 -2.42625 7.4962 0.100242 0.634794 1 -0 -0.0004
-0.99653 1 8.59134 0.965691 0.768897 -0.0003 0.5614 -0.8276
-0.996324 1.75065 9.10055 0.914225 0.768897 -0.0003 0.5614 -0.8276
1.00347 1 8.59053 0.965691 0.653347 -0.0003 0.5614 -0.8276
-0.996249 1 9.28679 0.914225 0.422247 -0 -1 0
-0.99653 1 8.59134 0.954351 0.422247 -0 -1 0
1.00375 1 9.28598 0.914225 0.537797 -0 -1 0
-0.996249 1.75065 9.28679 0.683125 0.452739 -1 -0 0.0004
-0.996324 1.75065 9.10055 0.683125 0.463499 -1 -0 0.0004
-0.996249 1 9.28679 0.639755 0.452739 -1 -0 0.0004
1.00347 1 8.59053 0.298193 0.698019 1 -0 -0.0004
1.00367 1.75065 9.09974 0.341562 0.727439 1 -0 -0.0004
1.00375 1 9.28598 0.298193 0.738198 1 -0 -0.0004
1.00441 1 10.916 0.961937 0.653347 0.0003 -0.5633 0.8263
1.00462 1.75065 11.4277 0.914225 0.653347 0.0003 -0.5633 0.8263
-0.995591 1 10.9168 0.961937 0.537797 0.0003 -0.5633 0.8263
-0.995637 1.75065 10.8038 0.462231 0.154845 -0 1 0
-0.995384 1.75065 11.4285 0.462231 0.190937 -0 1 0
1.00436 1.75065 10.803 0.346681 0.154845 -0 1 0
1.00436 1 10.803 0.920744 0.422247 -0 -1 0
1.00441 1 10.916 0.914225 0.422247 -0 -1 0
-0.995637 1 10.8038 0.920744 0.306697 -0 -1 0
-0.995637 1 10.8038 0.639755 0.365091 -1 -0 0.0004
-0.995591 1 10.9168 0.639755 0.358563 -1 -0 0.0004
-0.995637 1.75065 10.8038 0.683125 0.365091 -1 -0 0.0004
1.00303 1 7.4962 0.683125 0.896595 -0 1 0
0.999925 1 -0.186288 0.683125 0.452739 -0 1 0
-1.00007 1 -0.18548 0.798675 0.452739 -0 1 0
1.0004 -1 0.985474 0.182643 0.258636 1 -0 -0.0004
0.999925 1 -0.186288 0.298193 0.190937 1 -0 -0.0004
1.00303 1 7.4962 0.298193 0.634794 1 -0 -0.0004
-0.999602 -1 0.986281 0.914225 0.88445 -0.0003 -0.5055 -0.8628
-1.00007 1 -0.18548 0.993609 0.88445 -0.0003 -0.5055 -0.8628
0.999925 1 -0.186288 0.993609 1 -0.0003 -0.5055 -0.8628
1.0004 -1 0.985474 0.798675 0.491216 -0 -1 0
1.00303 -1 7.4962 0.798675 0.11555 -0 -1 0
-0.996972 -1 7.49701 0.914225 0.11555 -0 -1 0
-0.999596 -1 1.00067 0.524205 0.93147 -1 -0 0.0004
-0.999783 -2.42625 0.536808 0.441804 0.95827 -1 -0 0.0004
-0.996972 -2.42625 7.49701 0.441804 0.556143 -1 -0 0.0004
-0.996972 1 7.49701 0.639755 0.556143 -1 -0 0.0004
-1.00007 1 -0.18548 0.639755 1 -1 -0 0.0004
-0.999602 -1 0.986281 0.524205 0.932301 -1 -0 0.0004
1.00375 1.75065 9.28598 0.341562 0.738198 1 -0 -0.0004
1.00436 1.75065 10.803 0.341562 0.825847 1 -0 -0.0004
1.00436 1 10.803 0.298193 0.825847 1 -0 -0.0004
-0.996249 1 9.28679 0.798675 1 -0 1 0
1.00375 1 9.28598 0.683125 1 -0 1 0
1.00303 1 7.4962 0.683125 0.896595 -0 1 0
1.00375 1 9.28598 0.298193 0.738198 1 -0 -0.0004
1.00375 -1 9.28598 0.182643 0.738198 1 -0 -0.0004
1.00303 -1 7.4962 0.182643 0.634794 1 -0 -0.0004
-0.996249 -1 9.28679 0.524205 0.452739 -1 -0 0.0004
-0.996249 1 9.28679 0.639755 0.452739 -1 -0 0.0004
-0.996972 1 7.49701 0.639755 0.556143 -1 -0 0.0004
1.00485 1 12.0008 0.298193 0.895047 1 -0 -0.0004
1.00485 -1 12.0008 0.182643 0.895047 1 -0 -0.0004
1.00436 -1 10.803 0.182643 0.825847 1 -0 -0.0004
-0.995637 -1 10.8038 0.524205 0.365091 -1 -0 0.0004
-0.995637 1 10.8038 0.639755 0.365091 -1 -0 0.0004
-0.996249 1 9.28679 0.639755 0.452739 -1 -0 0.0004
1.00436 -1 10.803 0.569087 0.190937 -0 -1 0
-0.995637 -1 10.8038 0.569087 0.075387 -0 -1 0
-0.996249 -1 9.28679 0.65662 0.075387 -0 -1 0
1.00436 1 10.803 0.298193 0.825847 1 -0 -0.0004
1.00436 -1 10.803 0.182643 0.825847 1 -0 -0.0004
1.00375 -1 9.28598 0.182643 0.738198 1 -0 -0.0004
1.00375 -1.10154 9.28598 0.914225 1 0.0002 -0.8038 0.5949
-0.996249 -1.10154 9.28679 0.798675 1 0.0002 -0.8038 0.5949
-0.996972 -2.42625 7.49701 0.798675 0.892816 0.0002 -0.8038 0.5949
-0.996249 -1.10154 9.28679 0.518339 0.452739 -1 -0 0.0004
-0.996249 -1 9.28679 0.524205 0.452739 -1 -0 0.0004
-0.996972 -1 7.49701 0.524205 0.556143 -1 -0 0.0004
1.00375 -1.10154 9.28598 0.176777 0.738198 1 -0 -0.0004
1.00303 -2.42625 7.4962 0.100242 0.634794 1 -0 -0.0004
1.00303 -1 7.4962 0.182643 0.634794 1 -0 -0.0004
-0.996249 -1.10154 9.28679 0.920008 0.191147 0.0004 -0 1
1.00375 -1.10154 9.28598 0.920008 0.306697 0.0004 -0 1
1.00375 -1 9.28598 0.914225 0.306697 0.0004 -0 1
1.00538 -0.309638 13.8174 0.569087 0.075387 0.0001 -0.9348 0.3552
-0.99462 -0.309638 13.8182 0.569087 0.190937 0.0001 -0.9348 0.3552
-0.995153 -1 12.0016 0.462231 0.190926 0.0001 -0.9348 0.3552
-0.995153 1 12.0016 0.346676 0.085984 -0 1 0
1.00485 1 12.0008 0.231126 0.085977 -0 1 0
1.00436 1 10.803 0.231131 0.016776 -0 1 0
-0.995153 -1 12.0016 0.524205 0.29589 -1 -0 0.0004
-0.995153 1 12.0016 0.639755 0.29589 -1 -0 0.0004
-0.995637 1 10.8038 0.639755 0.365091 -1 -0 0.0004
-0.995153 -4.16128 10.8944 0.341562 0.35986 -1 -0.0001 0.0004
-0.995153 -1 12.0016 0.524205 0.29589 -1 -0.0001 0.0004
-0.995637 -1 10.8038 0.524205 0.365091 -1 -0.0001 0.0004
-0.995153 -4.16128 10.8944 0.977751 0.884448 -0 -1 0
-0.995637 -4.16128 9.7934 0.914225 0.88445 -0 -1 0
1.00436 -4.16128 9.79259 0.914225 0.7689 -0 -1 0
-0.995153 -4.16128 10.8944 0.2311 0.190922 0.0004 -0.3306 0.9438
1.00485 -4.16128 10.8936 0.11555 0.190937 0.0004 -0.3306 0.9438
1.00485 -1 12.0008 0.11555 0.000154972 0.0004 -0.3306 0.9438
1.00485 -4.16128 10.8936 0 0.831078 1 0.0001 -0.0004
1.00436 -4.16128 9.79259 0 0.767467 1 0.0001 -0.0004
1.00436 -1 10.803 0.182643 0.825847 1 0.0001 -0.0004
-0.995637 -4.16128 9.7934 0 0.190923 -0.0004 0.3045 -0.9525
-0.995637 -1 10.8038 0 7.80225e-05 -0.0004 0.3045 -0.9525
1.00436 -1 10.803 0.11555 9.20296e-05 -0.0004 0.3045 -0.9525
1.00538 -0.309638 13.8174 0.231131 0.190929 0.0003 0.7671 0.6415
1.00538 1 12.2513 0.2311 0.100449 0.0003 0.7671 0.6415
-0.99462 1 12.2521 0.34665 0.100456 0.0003 0.7671 0.6415
1.00538 1 12.2513 0.298193 0.909519 1 -0.0002 -0.0002
1.00538 -0.309638 13.8174 0.222529 1 1 -0.0002 -0.0002
1.00485 -1 12.0008 0.182643 0.895047 1 -0.0002 -0.0002
-0.99462 1 12.2521 0.34665 0.100456 -0 1 0
1.00538 1 12.2513 0.2311 0.100449 -0 1 0
1.00485 1 12.0008 0.231126 0.085977 -0 1 0
-0.99462 1 12.2521 0.639755 0.281418 -1 -0 0.0021
-0.995153 1 12.0016 0.639755 0.29589 -1 -0 0.0021
-0.995153 -1 12.0016 0.524205 0.29589 -1 -0 0.0021
-0.995637 1.75065 10.8038 0.462231 0.154845 -0 1 0
1.00436 1.75065 10.803 0.346681 0.154845 -0 1 0
1.00375 1.75065 9.28598 0.346681 0.067198 -0 1 0
1.00441 1 10.916 0.298193 0.832375 1 -0 -0.0004
1.00436 1 10.803 0.298193 0.825847 1 -0 -0.0004
1.00436 1.75065 10.803 0.341562 0.825847 1 -0 -0.0004
1.00367 1.75065 9.09974 0.346681 0.056437 -0 1 0
-0.996324 1.75065 9.10055 0.462231 0.056437 -0 1 0
-0.996249 1.75065 9.28679 0.462231 0.067198 -0 1 0
-0.995637 1.75065 10.8038 0.683125 0.365091 -1 -0 0.0004
-0.996249 1.75065 9.28679 0.683125 0.452739 -1 -0 0.0004
-0.996249 1 9.28679 0.639755 0.452739 -1 -0 0.0004
1.00022 -2.42625 0.536001 0.884959 0 -0.0004 0.3093 -0.951
-0.999783 -2.42625 0.536808 0.884959 0.11555 -0.0004 0.3093 -0.951
-0.999596 -1 1.00067 0.798675 0.11555 -0.0004 0.3093 -0.951
-0.999783 -2.42625 0.536808 0.798675 0.491216 -0 -1 0
1.00022 -2.42625 0.536001 0.914225 0.491216 -0 -1 0
1.00303 -2.42625 7.4962 0.914225 0.892816 -0 -1 0
1.0004 -1 0.999862 0.798675 0.452739 -0 1 0
-0.999596 -1 1.00067 0.683125 0.452739 -0 1 0
-0.996972 -1 7.49701 0.683125 0.077412 -0 1 0
1.0004 -1 0.999862 0.182643 0.259467 1 -0 -0.0004
1.00303 -1 7.4962 0.182643 0.634794 1 -0 -0.0004
1.00303 -2.42625 7.4962 0.100242 0.634794 1 -0 -0.0004
-0.996324 1.75065 9.10055 0.914225 0.768897 -0.0003 0.5614 -0.8276
1.00367 1.75065 9.09974 0.914225 0.653347 -0.0003 0.5614 -0.8276
1.00347 1 8.59053 0.965691 0.653347 -0.0003 0.5614 -0.8276
-0.99653 1 8.59134 0.954351 0.422247 -0 -1 0
1.00347 1 8.59053 0.954351 0.537797 -0 -1 0
1.00375 1 9.28598 0.914225 0.537797 -0 -1 0
-0.996324 1.75065 9.10055 0.683125 0.463499 -1 -0 0.0004
-0.99653 1 8.59134 0.639755 0.492918 -1 -0 0.0004
-0.996249 1 9.28679 0.639755 0.452739 -1 -0 0.0004
1.00367 1.75065 9.09974 0.341562 0.727439 1 -0 -0.0004
1.00375 1.75065 9.28598 0.341562 0.738198 1 -0 -0.0004
1.00375 1 9.28598 0.298193 0.738198 1 -0 -0.0004
1.00462 1.75065 11.4277 0.914225 0.653347 0.0003 -0.5633 0.8263
-0.995384 1.75065 11.4285 0.914225 0.537797 0.0003 -0.5633 0.8263
-0.995591 1 10.9168 0.961937 0.537797 0.0003 -0.5633 0.8263
-0.995384 1.75065 11.4285 0.462231 0.190937 -0 1 0
1.00462 1.75065 11.4277 0.346681 0.190937 -0 1 0
1.00436 1.75065 10.803 0.346681 0.154845 -0 1 0
1.00441 1 10.916 0.914225 0.422247 -0 -1 0
-0.995591 1 10.9168 0.914225 0.306697 -0 -1 0
-0.995637 1 10.8038 0.920744 0.306697 -0 -1 0
-0.995591 1 10.9168 0.639755 0.358563 -1 -0 0.0004
-0.995384 1.75065 11.4285 0.683125 0.328999 -1 -0 0.0004
-0.995637 1.75065 10.8038 0.683125 0.365091 -1 -0 0.0004
