Vertex Count: 36

Data:

-10.0  10.0 -1.0 0.0 0.0  0.0  0.0 -1.0
 10.0  10.0 -1.0 1.0 0.0  0.0  0.0 -1.0
-10.0 -10.0 -1.0 0.0 1.0  0.0  0.0 -1.0
-10.0 -10.0 -1.0 0.0 1.0  0.0  0.0 -1.0
 10.0  10.0 -1.0 1.0 0.0  0.0  0.0 -1.0
 10.0 -10.0 -1.0 1.0 1.0  0.0  0.0 -1.0
 10.0  10.0 -1.0 0.0 0.0  1.0  0.0  0.0
 10.0  10.0  1.0 1.0 0.0  1.0  0.0  0.0
 10.0 -10.0 -1.0 0.0 1.0  1.0  0.0  0.0
 10.0 -10.0 -1.0 0.0 1.0  1.0  0.0  0.0
 10.0  10.0  1.0 1.0 0.0  1.0  0.0  0.0
 10.0 -10.0  1.0 1.0 1.0  1.0  0.0  0.0
 10.0  10.0  1.0 0.0 0.0  0.0  0.0  1.0
-10.0  10.0  1.0 1.0 0.0  0.0  0.0  1.0
 10.0 -10.0  1.0 0.0 1.0  0.0  0.0  1.0
 10.0 -10.0  1.0 0.0 1.0  0.0  0.0  1.0
-10.0  10.0  1.0 1.0 0.0  0.0  0.0  1.0
-10.0 -10.0  1.0 1.0 1.0  0.0  0.0  1.0
-10.0  10.0  1.0 0.0 0.0 -1.0  0.0  0.0
-10.0  10.0 -1.0 1.0 0.0 -1.0  0.0  0.0
-10.0 -10.0  1.0 0.0 1.0 -1.0  0.0  0.0
-10.0 -10.0  1.0 0.0 1.0 -1.0  0.0  0.0
-10.0  10.0 -1.0 1.0 0.0 -1.0  0.0  0.0
-10.0 -10.0 -1.0 1.0 1.0 -1.0  0.0  0.0
-10.0  10.0  1.0 0.0 0.0  0.0  1.0  0.0
 10.0  10.0  1.0 1.0 0.0  0.0  1.0  0.0
-10.0  10.0 -1.0 0.0 1.0  0.0  1.0  0.0
-10.0  10.0 -1.0 0.0 1.0  0.0  1.0  0.0
 10.0  10.0  1.0 1.0 0.0  0.0  1.0  0.0
 10.0  10.0 -1.0 1.0 1.0  0.0  1.0  0.0
-10.0 -10.0 -1.0 0.0 0.0  0.0 -1.0  0.0
 10.0 -10.0 -1.0 1.0 0.0  0.0 -1.0  0.0
-10.0 -10.0  1.0 0.0 1.0  0.0 -1.0  0.0
-10.0 -10.0  1.0 0.0 1.0  0.0 -1.0  0.0
 10.0 -10.0 -1.0 1.0 0.0  0.0 -1.0  0.0
 10.0 -10.0  1.0 1.0 1.0  0.0 -1.0  0.0