Vertex Count: 276

Data:

1.00587 1 -7.49582 0.798675 0.896595 -0 1 0
-0.99413 1 -7.49739 0.683125 0.896595 -0 1 0
0.999854 1 0.186667 0.798675 0.452739 -0 1 0
-0.99413 -1 -7.49739 0.182643 0.634794 -1 -0 -0.0008
-0.999228 -1 -0.98666 0.182643 0.258636 -1 -0 -0.0008
-0.99413 1 -7.49739 0.298193 0.634794 -1 -0 -0.0008
-0.999228 -1 -0.98666 0.914225 1 -0.0007 -0.5055 0.8628
1.00077 -1 -0.985094 0.914225 0.88445 -0.0007 -0.5055 0.8628
-1.00014 1 0.185101 0.993609 1 -0.0007 -0.5055 0.8628
1.00077 -1 -0.985094 0.914225 0.491216 -0 -1 0
-0.999228 -1 -0.98666 0.798675 0.491216 -0 -1 0
1.00587 -1 -7.49582 0.914225 0.11555 -0 -1 0
1.00587 -1 -7.49582 0.524205 0.556143 1 -0 0.0008
1.00078 -1 -0.999483 0.524205 0.93147 1 -0 0.0008
1.00587 -2.42625 -7.49582 0.441804 0.556143 1 -0 0.0008
1.00587 -1 -7.49582 0.524205 0.556143 1 -0 0.0008
1.00587 1 -7.49582 0.639755 0.556143 1 -0 0.0008
1.00077 -1 -0.985094 0.524205 0.932301 1 -0 0.0008
-0.992729 1 -9.28717 0.298193 0.738198 -1 -0 -0.0008
-0.992729 1.75065 -9.28717 0.341562 0.738198 -1 -0 -0.0008
-0.991541 1 -10.8042 0.298193 0.825847 -1 -0 -0.0008
1.00587 1 -7.49582 0.798675 0.896595 -0 1 0
1.00727 1 -9.2856 0.798675 1 -0 1 0
-0.99413 1 -7.49739 0.683125 0.896595 -0 1 0
-0.99413 1 -7.49739 0.298193 0.634794 -1 -0 -0.0008
-0.992729 1 -9.28717 0.298193 0.738198 -1 -0 -0.0008
-0.99413 -1 -7.49739 0.182643 0.634794 -1 -0 -0.0008
1.00587 -1 -7.49582 0.524205 0.556143 1 -0 0.0008
1.00727 -1 -9.2856 0.524205 0.452739 1 -0 0.0008
1.00587 1 -7.49582 0.639755 0.556143 1 -0 0.0008
-0.991541 1 -10.8042 0.298193 0.825847 -1 -0 -0.0008
-0.990604 1 -12.002 0.298193 0.895047 -1 -0 -0.0008
-0.991541 -1 -10.8042 0.182643 0.825847 -1 -0 -0.0008
1.00727 -1 -9.2856 0.524205 0.452739 1 -0 0.0008
1.00846 -1 -10.8027 0.524205 0.365091 1 -0 0.0008
1.00727 1 -9.2856 0.639755 0.452739 1 -0 0.0008
-0.992729 -1 -9.28717 0.65662 0.190937 -0 -1 0
-0.991541 -1 -10.8042 0.569087 0.190937 -0 -1 0
1.00727 -1 -9.2856 0.65662 0.075387 -0 -1 0
-0.992729 1 -9.28717 0.298193 0.738198 -1 -0 -0.0008
-0.991541 1 -10.8042 0.298193 0.825847 -1 -0 -0.0008
-0.992729 -1 -9.28717 0.182643 0.738198 -1 -0 -0.0008
-0.99413 -2.42625 -7.49739 0.914225 0.892816 0.0005 -0.8038 -0.5949
-0.992729 -1.10154 -9.28717 0.914225 1 0.0005 -0.8038 -0.5949
1.00587 -2.42625 -7.49582 0.798675 0.892816 0.0005 -0.8038 -0.5949
1.00587 -2.42625 -7.49582 0.441804 0.556143 1 -0 0.0008
1.00727 -1.10154 -9.2856 0.518339 0.452739 1 -0 0.0008
1.00587 -1 -7.49582 0.524205 0.556143 1 -0 0.0008
-0.992729 -1 -9.28717 0.182643 0.738198 -1 -0 -0.0008
-0.992729 -1.10154 -9.28717 0.176777 0.738198 -1 -0 -0.0008
-0.99413 -1 -7.49739 0.182643 0.634794 -1 -0 -0.0008
1.00727 -1 -9.2856 0.914225 0.191147 0.0008 -0 -1
1.00727 -1.10154 -9.2856 0.920008 0.191147 0.0008 -0 -1
-0.992729 -1 -9.28717 0.914225 0.306697 0.0008 -0 -1
-0.990604 -1 -12.002 0.462231 0.075375 0.0003 -0.9348 -0.3552
-0.98898 -0.309638 -13.8186 0.569087 0.075387 0.0003 -0.9348 -0.3552
1.0094 -1 -12.0004 0.462231 0.190926 0.0003 -0.9348 -0.3552
1.00846 1 -10.8027 0.346681 0.016784 -0 1 0
1.0094 1 -12.0004 0.346676 0.085984 -0 1 0
-0.991541 1 -10.8042 0.231131 0.016776 -0 1 0
1.00846 -1 -10.8027 0.524205 0.365091 1 -0 0.0008
1.0094 -1 -12.0004 0.524205 0.29589 1 -0 0.0008
1.00846 1 -10.8027 0.639755 0.365091 1 -0 0.0008
1.00726 -4.16128 -9.79221 0.341562 0.42347 1 -0.0001 0.0007
1.00808 -4.16128 -10.8932 0.341562 0.35986 1 -0.0001 0.0007
1.00846 -1 -10.8027 0.524205 0.365091 1 -0.0001 0.0007
-0.991918 -4.16128 -10.8948 0.977751 0.768897 -0 -1 0
1.00808 -4.16128 -10.8932 0.977751 0.884448 -0 -1 0
-0.992741 -4.16128 -9.79377 0.914225 0.7689 -0 -1 0
1.0094 -1 -12.0004 0.2311 0.000138998 0.0007 -0.3306 -0.9438
1.00808 -4.16128 -10.8932 0.2311 0.190922 0.0007 -0.3306 -0.9438
-0.990604 -1 -12.002 0.11555 0.000154972 0.0007 -0.3306 -0.9438
-0.990604 -1 -12.002 0.182643 0.895047 -1 0.0001 -0.0008
-0.991918 -4.16128 -10.8948 0 0.831078 -1 0.0001 -0.0008
-0.991541 -1 -10.8042 0.182643 0.825847 -1 0.0001 -0.0008
-0.992741 -4.16128 -9.79377 0.11555 0.190937 -0.0007 0.3045 0.9525
1.00726 -4.16128 -9.79221 0 0.190923 -0.0007 0.3045 0.9525
-0.991541 -1 -10.8042 0.11555 9.20296e-05 -0.0007 0.3045 0.9525
1.01102 -0.309638 -13.817 0.346681 0.190937 0.0005 0.7671 -0.6415
-0.98898 -0.309638 -13.8186 0.231131 0.190929 0.0005 0.7671 -0.6415
1.00916 1 -12.2509 0.34665 0.100456 0.0005 0.7671 -0.6415
-0.990604 1 -12.002 0.298193 0.895047 -1 -0 0.0009
-0.990839 1 -12.2525 0.298193 0.909519 -1 -0 0.0009
-0.990604 -1 -12.002 0.182643 0.895047 -1 -0 0.0009
1.0094 1 -12.0004 0.346676 0.085984 -0 1 0
1.00916 1 -12.2509 0.34665 0.100456 -0 1 0
-0.990604 1 -12.002 0.231126 0.085977 -0 1 0
1.01102 -0.309638 -13.817 0.564091 0.190937 1 0.0002 0.001
1.00916 1 -12.2509 0.639755 0.281418 1 0.0002 0.001
1.0094 -1 -12.0004 0.524205 0.29589 1 0.0002 0.001
1.00727 1.75065 -9.2856 0.462231 0.067198 -0 1 0
1.00846 1.75065 -10.8027 0.462231 0.154845 -0 1 0
-0.992729 1.75065 -9.28717 0.346681 0.067198 -0 1 0
-0.991052 1.75065 -11.4289 0.341562 0.861938 -1 -0 -0.0008
-0.991453 1 -10.9172 0.298193 0.832375 -1 -0 -0.0008
-0.991541 1.75065 -10.8042 0.341562 0.825847 -1 -0 -0.0008
-0.992729 1.75065 -9.28717 0.346681 0.067198 -0 1 0
-0.992875 1.75065 -9.10093 0.346681 0.056437 -0 1 0
1.00727 1.75065 -9.2856 0.462231 0.067198 -0 1 0
1.00846 1 -10.8027 0.639755 0.365091 1 -0 0.0008
1.00846 1.75065 -10.8027 0.683125 0.365091 1 -0 0.0008
1.00727 1 -9.2856 0.639755 0.452739 1 -0 0.0008
-0.999216 -1 -1.00105 0.798675 0 -0.0007 0.3093 0.951
-0.99958 -2.42625 -0.537187 0.884959 0 -0.0007 0.3093 0.951
1.00078 -1 -0.999483 0.798675 0.11555 -0.0007 0.3093 0.951
1.00587 -2.42625 -7.49582 0.798675 0.892816 -0 -1 0
1.00042 -2.42625 -0.535621 0.798675 0.491216 -0 -1 0
-0.99413 -2.42625 -7.49739 0.914225 0.892816 -0 -1 0
-0.99413 -1 -7.49739 0.798675 0.077412 -0 1 0
-0.999216 -1 -1.00105 0.798675 0.452739 -0 1 0
1.00587 -1 -7.49582 0.683125 0.077412 -0 1 0
-0.99958 -2.42625 -0.537187 0.100242 0.232668 -1 -0 -0.0008
-0.999216 -1 -1.00105 0.182643 0.259467 -1 -0 -0.0008
-0.99413 -2.42625 -7.49739 0.100242 0.634794 -1 -0 -0.0008
1.00673 1 -8.59015 0.965691 0.768897 -0.0006 0.5614 0.8276
1.00712 1.75065 -9.09936 0.914225 0.768897 -0.0006 0.5614 0.8276
-0.993274 1 -8.59172 0.965691 0.653347 -0.0006 0.5614 0.8276
1.00727 1 -9.2856 0.914225 0.422247 -0 -1 0
1.00673 1 -8.59015 0.954351 0.422247 -0 -1 0
-0.992729 1 -9.28717 0.914225 0.537797 -0 -1 0
1.00727 1.75065 -9.2856 0.683125 0.452739 1 -0 0.0008
1.00712 1.75065 -9.09936 0.683125 0.463499 1 -0 0.0008
1.00727 1 -9.2856 0.639755 0.452739 1 -0 0.0008
-0.993274 1 -8.59172 0.298193 0.698019 -1 -0 -0.0008
-0.992875 1.75065 -9.10093 0.341562 0.727439 -1 -0 -0.0008
-0.992729 1 -9.28717 0.298193 0.738198 -1 -0 -0.0008
-0.991453 1 -10.9172 0.961937 0.653347 0.0006 -0.5633 -0.8263
-0.991052 1.75065 -11.4289 0.914225 0.653347 0.0006 -0.5633 -0.8263
1.00855 1 -10.9156 0.961937 0.537797 0.0006 -0.5633 -0.8263
1.00846 1.75065 -10.8027 0.462231 0.154845 -0 1 0
1.00895 1.75065 -11.4273 0.462231 0.190937 -0 1 0
-0.991541 1.75065 -10.8042 0.346681 0.154845 -0 1 0
-0.991541 1 -10.8042 0.920744 0.422247 -0 -1 0
-0.991453 1 -10.9172 0.914225 0.422247 -0 -1 0
1.00846 1 -10.8027 0.920744 0.306697 -0 -1 0
1.00846 1 -10.8027 0.639755 0.365091 1 -0 0.0008
1.00855 1 -10.9156 0.639755 0.358563 1 -0 0.0008
1.00846 1.75065 -10.8027 0.683125 0.365091 1 -0 0.0008
-0.99413 1 -7.49739 0.683125 0.896595 -0 1 0
-1.00014 1 0.185101 0.683125 0.452739 -0 1 0
0.999854 1 0.186667 0.798675 0.452739 -0 1 0
-0.999228 -1 -0.98666 0.182643 0.258636 -1 -0 -0.0008
-1.00014 1 0.185101 0.298193 0.190937 -1 -0 -0.0008
-0.99413 1 -7.49739 0.298193 0.634794 -1 -0 -0.0008
1.00077 -1 -0.985094 0.914225 0.88445 -0.0007 -0.5055 0.8628
0.999854 1 0.186667 0.993609 0.88445 -0.0007 -0.5055 0.8628
-1.00014 1 0.185101 0.993609 1 -0.0007 -0.5055 0.8628
-0.999228 -1 -0.98666 0.798675 0.491216 -0 -1 0
-0.99413 -1 -7.49739 0.798675 0.11555 -0 -1 0
1.00587 -1 -7.49582 0.914225 0.11555 -0 -1 0
1.00078 -1 -0.999483 0.524205 0.93147 1 -0 0.0008
1.00042 -2.42625 -0.535621 0.441804 0.95827 1 -0 0.0008
1.00587 -2.42625 -7.49582 0.441804 0.556143 1 -0 0.0008
1.00587 1 -7.49582 0.639755 0.556143 1 -0 0.0008
0.999854 1 0.186667 0.639755 1 1 -0 0.0008
1.00077 -1 -0.985094 0.524205 0.932301 1 -0 0.0008
-0.992729 1.75065 -9.28717 0.341562 0.738198 -1 -0 -0.0008
-0.991541 1.75065 -10.8042 0.341562 0.825847 -1 -0 -0.0008
-0.991541 1 -10.8042 0.298193 0.825847 -1 -0 -0.0008
1.00727 1 -9.2856 0.798675 1 -0 1 0
-0.992729 1 -9.28717 0.683125 1 -0 1 0
-0.99413 1 -7.49739 0.683125 0.896595 -0 1 0
-0.992729 1 -9.28717 0.298193 0.738198 -1 -0 -0.0008
-0.992729 -1 -9.28717 0.182643 0.738198 -1 -0 -0.0008
-0.99413 -1 -7.49739 0.182643 0.634794 -1 -0 -0.0008
1.00727 -1 -9.2856 0.524205 0.452739 1 -0 0.0008
1.00727 1 -9.2856 0.639755 0.452739 1 -0 0.0008
1.00587 1 -7.49582 0.639755 0.556143 1 -0 0.0008
-0.990604 1 -12.002 0.298193 0.895047 -1 -0 -0.0008
-0.990604 -1 -12.002 0.182643 0.895047 -1 -0 -0.0008
-0.991541 -1 -10.8042 0.182643 0.825847 -1 -0 -0.0008
1.00846 -1 -10.8027 0.524205 0.365091 1 -0 0.0008
1.00846 1 -10.8027 0.639755 0.365091 1 -0 0.0008
1.00727 1 -9.2856 0.639755 0.452739 1 -0 0.0008
-0.991541 -1 -10.8042 0.569087 0.190937 -0 -1 0
1.00846 -1 -10.8027 0.569087 0.075387 -0 -1 0
1.00727 -1 -9.2856 0.65662 0.075387 -0 -1 0
-0.991541 1 -10.8042 0.298193 0.825847 -1 -0 -0.0008
-0.991541 -1 -10.8042 0.182643 0.825847 -1 -0 -0.0008
-0.992729 -1 -9.28717 0.182643 0.738198 -1 -0 -0.0008
-0.992729 -1.10154 -9.28717 0.914225 1 0.0005 -0.8038 -0.5949
1.00727 -1.10154 -9.2856 0.798675 1 0.0005 -0.8038 -0.5949
1.00587 -2.42625 -7.49582 0.798675 0.892816 0.0005 -0.8038 -0.5949
1.00727 -1.10154 -9.2856 0.518339 0.452739 1 -0 0.0008
1.00727 -1 -9.2856 0.524205 0.452739 1 -0 0.0008
1.00587 -1 -7.49582 0.524205 0.556143 1 -0 0.0008
-0.992729 -1.10154 -9.28717 0.176777 0.738198 -1 -0 -0.0008
-0.99413 -2.42625 -7.49739 0.100242 0.634794 -1 -0 -0.0008
-0.99413 -1 -7.49739 0.182643 0.634794 -1 -0 -0.0008
1.00727 -1.10154 -9.2856 0.920008 0.191147 0.0008 -0 -1
-0.992729 -1.10154 -9.28717 0.920008 0.306697 0.0008 -0 -1
-0.992729 -1 -9.28717 0.914225 0.306697 0.0008 -0 -1
-0.98898 -0.309638 -13.8186 0.569087 0.075387 0.0003 -0.9348 -0.3552
1.01102 -0.309638 -13.817 0.569087 0.190937 0.0003 -0.9348 -0.3552
1.0094 -1 -12.0004 0.462231 0.190926 0.0003 -0.9348 -0.3552
1.0094 1 -12.0004 0.346676 0.085984 -0 1 0
-0.990604 1 -12.002 0.231126 0.085977 -0 1 0
-0.991541 1 -10.8042 0.231131 0.016776 -0 1 0
1.0094 -1 -12.0004 0.524205 0.29589 1 -0 0.0008
1.0094 1 -12.0004 0.639755 0.29589 1 -0 0.0008
1.00846 1 -10.8027 0.639755 0.365091 1 -0 0.0008
1.00808 -4.16128 -10.8932 0.341562 0.35986 1 -0.0001 0.0008
1.0094 -1 -12.0004 0.524205 0.29589 1 -0.0001 0.0008
1.00846 -1 -10.8027 0.524205 0.365091 1 -0.0001 0.0008
1.00808 -4.16128 -10.8932 0.977751 0.884448 -0 -1 0
1.00726 -4.16128 -9.79221 0.914225 0.88445 -0 -1 0
-0.992741 -4.16128 -9.79377 0.914225 0.7689 -0 -1 0
1.00808 -4.16128 -10.8932 0.2311 0.190922 0.0007 -0.3306 -0.9438
-0.991918 -4.16128 -10.8948 0.11555 0.190937 0.0007 -0.3306 -0.9438
-0.990604 -1 -12.002 0.11555 0.000154972 0.0007 -0.3306 -0.9438
-0.991918 -4.16128 -10.8948 0 0.831078 -1 0.0001 -0.0007
-0.992741 -4.16128 -9.79377 0 0.767467 -1 0.0001 -0.0007
-0.991541 -1 -10.8042 0.182643 0.825847 -1 0.0001 -0.0007
1.00726 -4.16128 -9.79221 0 0.190923 -0.0007 0.3045 0.9525
1.00846 -1 -10.8027 0 7.80225e-05 -0.0007 0.3045 0.9525
-0.991541 -1 -10.8042 0.11555 9.20296e-05 -0.0007 0.3045 0.9525
-0.98898 -0.309638 -13.8186 0.231131 0.190929 0.0005 0.7671 -0.6415
-0.990839 1 -12.2525 0.2311 0.100449 0.0005 0.7671 -0.6415
1.00916 1 -12.2509 0.34665 0.100456 0.0005 0.7671 -0.6415
-0.990839 1 -12.2525 0.298193 0.909519 -1 -0.0002 -0.001
-0.98898 -0.309638 -13.8186 0.222529 1 -1 -0.0002 -0.001
-0.990604 -1 -12.002 0.182643 0.895047 -1 -0.0002 -0.001
1.00916 1 -12.2509 0.34665 0.100456 -0 1 0
-0.990839 1 -12.2525 0.2311 0.100449 -0 1 0
-0.990604 1 -12.002 0.231126 0.085977 -0 1 0
1.00916 1 -12.2509 0.639755 0.281418 1 -0 -0.0009
1.0094 1 -12.0004 0.639755 0.29589 1 -0 -0.0009
1.0094 -1 -12.0004 0.524205 0.29589 1 -0 -0.0009
1.00846 1.75065 -10.8027 0.462231 0.154845 -0 1 0
-0.991541 1.75065 -10.8042 0.346681 0.154845 -0 1 0
-0.992729 1.75065 -9.28717 0.346681 0.067198 -0 1 0
-0.991453 1 -10.9172 0.298193 0.832375 -1 -0 -0.0008
-0.991541 1 -10.8042 0.298193 0.825847 -1 -0 -0.0008
-0.991541 1.75065 -10.8042 0.341562 0.825847 -1 -0 -0.0008
-0.992875 1.75065 -9.10093 0.346681 0.056437 -0 1 0
1.00712 1.75065 -9.09936 0.462231 0.056437 -0 1 0
1.00727 1.75065 -9.2856 0.462231 0.067198 -0 1 0
1.00846 1.75065 -10.8027 0.683125 0.365091 1 -0 0.0008
1.00727 1.75065 -9.2856 0.683125 0.452739 1 -0 0.0008
1.00727 1 -9.2856 0.639755 0.452739 1 -0 0.0008
-0.99958 -2.42625 -0.537187 0.884959 0 -0.0007 0.3093 0.951
1.00042 -2.42625 -0.535621 0.884959 0.11555 -0.0007 0.3093 0.951
1.00078 -1 -0.999483 0.798675 0.11555 -0.0007 0.3093 0.951
1.00042 -2.42625 -0.535621 0.798675 0.491216 -0 -1 0
-0.99958 -2.42625 -0.537187 0.914225 0.491216 -0 -1 0
-0.99413 -2.42625 -7.49739 0.914225 0.892816 -0 -1 0
-0.999216 -1 -1.00105 0.798675 0.452739 -0 1 0
1.00078 -1 -0.999483 0.683125 0.452739 -0 1 0
1.00587 -1 -7.49582 0.683125 0.077412 -0 1 0
-0.999216 -1 -1.00105 0.182643 0.259467 -1 -0 -0.0008
-0.99413 -1 -7.49739 0.182643 0.634794 -1 -0 -0.0008
-0.99413 -2.42625 -7.49739 0.100242 0.634794 -1 -0 -0.0008
1.00712 1.75065 -9.09936 0.914225 0.768897 -0.0006 0.5614 0.8276
-0.992875 1.75065 -9.10093 0.914225 0.653347 -0.0006 0.5614 0.8276
-0.993274 1 -8.59172 0.965691 0.653347 -0.0006 0.5614 0.8276
1.00673 1 -8.59015 0.954351 0.422247 -0 -1 0
-0.993274 1 -8.59172 0.954351 0.537797 -0 -1 0
-0.992729 1 -9.28717 0.914225 0.537797 -0 -1 0
1.00712 1.75065 -9.09936 0.683125 0.463499 1 -0 0.0008
1.00673 1 -8.59015 0.639755 0.492918 1 -0 0.0008
1.00727 1 -9.2856 0.639755 0.452739 1 -0 0.0008
-0.992875 1.75065 -9.10093 0.341562 0.727439 -1 -0 -0.0008
-0.992729 1.75065 -9.28717 0.341562 0.738198 -1 -0 -0.0008
-0.992729 1 -9.28717 0.298193 0.738198 -1 -0 -0.0008
-0.991052 1.75065 -11.4289 0.914225 0.653347 0.0006 -0.5633 -0.8263
1.00895 1.75065 -11.4273 0.914225 0.537797 0.0006 -0.5633 -0.8263
1.00855 1 -10.9156 0.961937 0.537797 0.0006 -0.5633 -0.8263
1.00895 1.75065 -11.4273 0.462231 0.190937 -0 1 0
-0.991052 1.75065 -11.4289 0.346681 0.190937 -0 1 0
-0.991541 1.75065 -10.8042 0.346681 0.154845 -0 1 0
-0.991453 1 -10.9172 0.914225 0.422247 -0 -1 0
1.00855 1 -10.9156 0.914225 0.306697 -0 -1 0
1.00846 1 -10.8027 0.920744 0.306697 -0 -1 0
1.00855 1 -10.9156 0.639755 0.358563 1 -0 0.0008
1.00895 1.75065 -11.4273 0.683125 0.328999 1 -0 0.0008
1.00846 1.75065 -10.8027 0.683125 0.365091 1 -0 0.0008
