Vertex Count: 1500

Data:

0.5 0.09375 -0.6875 0.860081 0.439885 0.665 -0.2008 -0.7194
0.4375 0.164062 -0.765625 0.870622 0.410351 0.665 -0.2008 -0.7194
0.46875 0.242188 -0.757812 0.890955 0.409937 0.665 -0.2008 -0.7194
-0.46875 0.242188 -0.757812 0.888398 0.178001 -0.665 -0.2008 -0.7194
-0.4375 0.164062 -0.765625 0.868067 0.17849 -0.665 -0.2008 -0.7194
-0.5 0.09375 -0.6875 0.856226 0.149453 -0.665 -0.2008 -0.7194
0.546875 0.054688 -0.578125 0.853018 0.478438 0.8294 -0.3036 -0.4689
0.5 0.09375 -0.6875 0.860081 0.439885 0.8294 -0.3036 -0.4689
0.5625 0.242188 -0.671875 0.904571 0.440596 0.8294 -0.3036 -0.4689
-0.5625 0.242188 -0.671875 0.90064 0.146768 -0.8294 -0.3036 -0.4689
-0.5 0.09375 -0.6875 0.856226 0.149453 -0.8294 -0.3036 -0.4689
-0.546875 0.054688 -0.578125 0.847458 0.111252 -0.8294 -0.3036 -0.4689
0.351562 -0.023438 -0.617188 0.798481 0.430465 0.4155 -0.7933 -0.4449
0.351562 0.03125 -0.71875 0.8289 0.409229 0.4155 -0.7933 -0.4449
0.5 0.09375 -0.6875 0.860081 0.439885 0.4155 -0.7933 -0.4449
-0.5 0.09375 -0.6875 0.856226 0.149453 -0.4155 -0.7933 -0.4449
-0.351562 0.03125 -0.71875 0.826436 0.181463 -0.4155 -0.7933 -0.4449
-0.351562 -0.023438 -0.617188 0.795104 0.161598 -0.4155 -0.7933 -0.4449
0.351562 0.03125 -0.71875 0.8289 0.409229 0.3599 -0.5089 -0.782
0.351562 0.132812 -0.78125 0.854402 0.395246 0.3599 -0.5089 -0.782
0.4375 0.164062 -0.765625 0.870622 0.410351 0.3599 -0.5089 -0.782
-0.4375 0.164062 -0.765625 0.868067 0.17849 -0.36 -0.5089 -0.782
-0.351562 0.132812 -0.78125 0.852534 0.1943 -0.36 -0.5089 -0.782
-0.351562 0.03125 -0.71875 0.826436 0.181463 -0.36 -0.5089 -0.782
0.203125 0.09375 -0.742188 0.828171 0.366646 -0.0787 -0.5394 -0.8384
0.273438 0.164062 -0.796875 0.854107 0.374541 -0.0787 -0.5394 -0.8384
0.351562 0.132812 -0.78125 0.854402 0.395246 -0.0787 -0.5394 -0.8384
-0.351562 0.132812 -0.78125 0.852534 0.1943 0.0787 -0.5394 -0.8384
-0.273438 0.164062 -0.796875 0.853157 0.214998 0.0787 -0.5394 -0.8384
-0.203125 0.09375 -0.742188 0.827598 0.224036 0.0787 -0.5394 -0.8384
0.15625 0.054688 -0.648438 0.791018 0.354557 -0.2696 -0.8413 -0.4685
0.203125 0.09375 -0.742188 0.828171 0.366646 -0.2696 -0.8413 -0.4685
0.351562 0.03125 -0.71875 0.8289 0.409229 -0.2696 -0.8413 -0.4685
-0.351562 0.03125 -0.71875 0.826436 0.181463 0.2696 -0.8413 -0.4685
-0.203125 0.09375 -0.742188 0.827598 0.224036 0.2696 -0.8413 -0.4685
-0.15625 0.054688 -0.648438 0.791018 0.237762 0.2696 -0.8413 -0.4685
0.078125 0.242188 -0.65625 0.842358 0.297509 -0.7707 -0.3352 -0.542
0.140625 0.242188 -0.742188 0.855181 0.331473 -0.7707 -0.3352 -0.542
0.203125 0.09375 -0.742188 0.828171 0.366646 -0.7707 -0.3352 -0.542
-0.203125 0.09375 -0.742188 0.827598 0.224036 0.7707 -0.3352 -0.542
-0.140625 0.242188 -0.742188 0.856142 0.257975 0.7707 -0.3352 -0.542
-0.078125 0.242188 -0.65625 0.844839 0.292475 0.7707 -0.3352 -0.542
0.140625 0.242188 -0.742188 0.855181 0.331473 -0.4689 -0.194 -0.8617
0.242188 0.242188 -0.796875 0.867508 0.357709 -0.4689 -0.194 -0.8617
0.273438 0.164062 -0.796875 0.854107 0.374541 -0.4689 -0.194 -0.8617
-0.273438 0.164062 -0.796875 0.853157 0.214998 0.4689 -0.194 -0.8617
-0.242188 0.242188 -0.796875 0.867293 0.231218 0.4689 -0.194 -0.8617
-0.140625 0.242188 -0.742188 0.856142 0.257975 0.4689 -0.194 -0.8617
0.203125 0.390625 -0.742188 0.900375 0.333036 -0.4767 0.1907 -0.8581
0.273438 0.328125 -0.796875 0.890474 0.358091 -0.4767 0.1907 -0.8581
0.242188 0.242188 -0.796875 0.867508 0.357709 -0.4767 0.1907 -0.8581
-0.242188 0.242188 -0.796875 0.867293 0.231218 0.4767 0.1907 -0.8581
-0.273438 0.328125 -0.796875 0.890219 0.229817 0.4767 0.1907 -0.8581
-0.203125 0.390625 -0.742188 0.901223 0.254408 0.4767 0.1907 -0.8581
0.15625 0.4375 -0.648438 0.918898 0.300303 -0.7672 0.3264 -0.5521
0.203125 0.390625 -0.742188 0.900375 0.333036 -0.7672 0.3264 -0.5521
0.140625 0.242188 -0.742188 0.855181 0.331473 -0.7672 0.3264 -0.5521
-0.140625 0.242188 -0.742188 0.856142 0.257975 0.7672 0.3264 -0.5521
-0.203125 0.390625 -0.742188 0.901223 0.254408 0.7672 0.3264 -0.5521
-0.15625 0.4375 -0.648438 0.92118 0.286287 0.7672 0.3264 -0.5521
0.351562 0.515625 -0.617188 0.968392 0.354667 -0.2519 0.8173 -0.5182
0.351562 0.453125 -0.71875 0.931889 0.363168 -0.2519 0.8173 -0.5182
0.203125 0.390625 -0.742188 0.900375 0.333036 -0.2519 0.8173 -0.5182
-0.203125 0.390625 -0.742188 0.901223 0.254408 0.2519 0.8173 -0.5182
-0.351562 0.453125 -0.71875 0.931368 0.222907 0.2519 0.8173 -0.5182
-0.351562 0.515625 -0.617188 0.968213 0.22978 0.2519 0.8173 -0.5182
0.351562 0.453125 -0.71875 0.931889 0.363168 -0.0949 0.5696 -0.8164
0.351562 0.359375 -0.78125 0.905882 0.372098 -0.0949 0.5696 -0.8164
0.273438 0.328125 -0.796875 0.890474 0.358091 -0.0949 0.5696 -0.8164
-0.273438 0.328125 -0.796875 0.890219 0.229817 0.0949 0.5696 -0.8164
-0.351562 0.359375 -0.78125 0.90499 0.21514 0.0949 0.5696 -0.8164
-0.351562 0.453125 -0.71875 0.931368 0.222907 0.0949 0.5696 -0.8164
0.5 0.390625 -0.6875 0.933717 0.406963 0.3667 0.537 -0.7597
0.4375 0.328125 -0.765625 0.906232 0.394258 0.3667 0.537 -0.7597
0.351562 0.359375 -0.78125 0.905882 0.372098 0.3667 0.537 -0.7597
-0.351562 0.359375 -0.78125 0.90499 0.21514 -0.3667 0.537 -0.7597
-0.4375 0.328125 -0.765625 0.904357 0.192987 -0.3667 0.537 -0.7597
-0.5 0.390625 -0.6875 0.93125 0.179074 -0.3667 0.537 -0.7597
0.546875 0.4375 -0.578125 0.968392 0.426188 0.4141 0.7672 -0.4898
0.5 0.390625 -0.6875 0.933717 0.406963 0.4141 0.7672 -0.4898
0.351562 0.453125 -0.71875 0.931889 0.363168 0.4141 0.7672 -0.4898
-0.351562 0.453125 -0.71875 0.931368 0.222907 -0.4141 0.7672 -0.4898
-0.5 0.390625 -0.6875 0.93125 0.179074 -0.4141 0.7672 -0.4898
-0.546875 0.4375 -0.578125 0.965038 0.158329 -0.4141 0.7672 -0.4898
0.625 0.242188 -0.5625 0.920166 0.475454 0.8277 0.2952 -0.4771
0.5625 0.242188 -0.671875 0.904571 0.440596 0.8277 0.2952 -0.4771
0.5 0.390625 -0.6875 0.933717 0.406963 0.8277 0.2952 -0.4771
-0.5 0.390625 -0.6875 0.93125 0.179074 -0.8277 0.2952 -0.4771
-0.5625 0.242188 -0.671875 0.90064 0.146768 -0.8277 0.2952 -0.4771
-0.625 0.242188 -0.5625 0.914672 0.111252 -0.8277 0.2952 -0.4771
0.5625 0.242188 -0.671875 0.904571 0.440596 0.6713 0.1971 -0.7145
0.46875 0.242188 -0.757812 0.890955 0.409937 0.6713 0.1971 -0.7145
0.4375 0.328125 -0.765625 0.906232 0.394258 0.6713 0.1971 -0.7145
-0.4375 0.328125 -0.765625 0.904357 0.192987 -0.6713 0.1971 -0.7145
-0.46875 0.242188 -0.757812 0.888398 0.178001 -0.6713 0.1971 -0.7145
-0.5625 0.242188 -0.671875 0.90064 0.146768 -0.6713 0.1971 -0.7145
0.445312 0.335938 -0.78125 0.902359 0.392091 0.8111 0.3244 0.4867
0.4375 0.328125 -0.765625 0.906232 0.394258 0.8111 0.3244 0.4867
0.46875 0.242188 -0.757812 0.890955 0.409937 0.8111 0.3244 0.4867
-0.46875 0.242188 -0.757812 0.888398 0.178001 -0.8111 0.3244 0.4867
-0.4375 0.328125 -0.765625 0.904357 0.192987 -0.8111 0.3244 0.4867
-0.445312 0.335938 -0.78125 0.900583 0.195323 -0.8111 0.3244 0.4867
0.351562 0.375 -0.804688 0.899781 0.373743 0.2052 0.8206 0.5334
0.351562 0.359375 -0.78125 0.905882 0.372098 0.2052 0.8206 0.5334
0.4375 0.328125 -0.765625 0.906232 0.394258 0.2052 0.8206 0.5334
-0.4375 0.328125 -0.765625 0.904357 0.192987 -0.2052 0.8206 0.5334
-0.351562 0.359375 -0.78125 0.90499 0.21514 -0.2052 0.8206 0.5334
-0.351562 0.375 -0.804688 0.898822 0.213767 -0.2052 0.8206 0.5334
0.265625 0.335938 -0.820312 0.887842 0.363473 -0.4223 0.7806 0.4607
0.273438 0.328125 -0.796875 0.890474 0.358091 -0.4223 0.7806 0.4607
0.351562 0.359375 -0.78125 0.905882 0.372098 -0.4223 0.7806 0.4607
-0.351562 0.359375 -0.78125 0.90499 0.21514 0.4223 0.7806 0.4607
-0.273438 0.328125 -0.796875 0.890219 0.229817 0.4223 0.7806 0.4607
-0.265625 0.335938 -0.820312 0.887351 0.224558 0.4223 0.7806 0.4607
0.226562 0.242188 -0.820312 0.870908 0.364755 -0.8241 0.3225 0.4658
0.242188 0.242188 -0.796875 0.867508 0.357709 -0.8241 0.3225 0.4658
0.273438 0.328125 -0.796875 0.890474 0.358091 -0.8241 0.3225 0.4658
-0.273438 0.328125 -0.796875 0.890219 0.229817 0.8241 0.3225 0.4658
-0.242188 0.242188 -0.796875 0.867293 0.231218 0.8241 0.3225 0.4658
-0.226562 0.242188 -0.820312 0.870376 0.224028 0.8241 0.3225 0.4658
0.265625 0.15625 -0.820312 0.859881 0.376058 -0.8137 -0.3487 0.465
0.273438 0.164062 -0.796875 0.854107 0.374541 -0.8137 -0.3487 0.465
0.242188 0.242188 -0.796875 0.867508 0.357709 -0.8137 -0.3487 0.465
-0.242188 0.242188 -0.796875 0.867293 0.231218 0.8137 -0.3487 0.465
-0.273438 0.164062 -0.796875 0.853157 0.214998 0.8137 -0.3487 0.465
-0.265625 0.15625 -0.820312 0.858859 0.213226 0.8137 -0.3487 0.465
0.351562 0.117188 -0.804688 0.859664 0.391814 -0.4223 -0.7806 0.4607
0.351562 0.132812 -0.78125 0.854402 0.395246 -0.4223 -0.7806 0.4607
0.273438 0.164062 -0.796875 0.854107 0.374541 -0.4223 -0.7806 0.4607
-0.273438 0.164062 -0.796875 0.853157 0.214998 0.4223 -0.7806 0.4607
-0.351562 0.132812 -0.78125 0.852534 0.1943 0.4223 -0.7806 0.4607
-0.351562 0.117188 -0.804688 0.857942 0.197495 0.4223 -0.7806 0.4607
0.445312 0.15625 -0.78125 0.871664 0.406039 0.2052 -0.8206 0.5334
0.4375 0.164062 -0.765625 0.870622 0.410351 0.2052 -0.8206 0.5334
0.351562 0.132812 -0.78125 0.854402 0.395246 0.2052 -0.8206 0.5334
-0.351562 0.132812 -0.78125 0.852534 0.1943 -0.2052 -0.8206 0.5334
-0.4375 0.164062 -0.765625 0.868067 0.17849 -0.2052 -0.8206 0.5334
-0.445312 0.15625 -0.78125 0.869299 0.182751 -0.2052 -0.8206 0.5334
0.476562 0.242188 -0.773438 0.889591 0.406725 0.7995 -0.351 0.4875
0.46875 0.242188 -0.757812 0.890955 0.409937 0.7995 -0.351 0.4875
0.4375 0.164062 -0.765625 0.870622 0.410351 0.7995 -0.351 0.4875
-0.4375 0.164062 -0.765625 0.868067 0.17849 -0.7995 -0.351 0.4875
-0.46875 0.242188 -0.757812 0.888398 0.178001 -0.7995 -0.351 0.4875
-0.476562 0.242188 -0.773438 0.887178 0.181271 -0.7995 -0.351 0.4875
0.476562 0.242188 -0.773438 0.889591 0.406725 0.4 -0.0623 -0.9144
0.445312 0.15625 -0.78125 0.871664 0.406039 0.4 -0.0623 -0.9144
0.351562 0.242188 -0.828125 0.8794 0.383488 0.4 -0.0623 -0.9144
-0.351562 0.242188 -0.828125 0.878029 0.204937 -0.4 -0.0623 -0.9144
-0.445312 0.15625 -0.78125 0.869299 0.182751 -0.4 -0.0623 -0.9144
-0.476562 0.242188 -0.773438 0.887178 0.181271 -0.4 -0.0623 -0.9144
0.351562 0.242188 -0.828125 0.8794 0.383488 0.3069 -0.1754 -0.9354
0.445312 0.15625 -0.78125 0.871664 0.406039 0.3069 -0.1754 -0.9354
0.351562 0.117188 -0.804688 0.859664 0.391814 0.3069 -0.1754 -0.9354
-0.351562 0.117188 -0.804688 0.857942 0.197495 -0.3069 -0.1754 -0.9354
-0.445312 0.15625 -0.78125 0.869299 0.182751 -0.3069 -0.1754 -0.9354
-0.351562 0.242188 -0.828125 0.878029 0.204937 -0.3069 -0.1754 -0.9354
0.351562 0.117188 -0.804688 0.859664 0.391814 0.0945 -0.1835 -0.9785
0.265625 0.15625 -0.820312 0.859881 0.376058 0.0945 -0.1835 -0.9785
0.351562 0.242188 -0.828125 0.8794 0.383488 0.0945 -0.1835 -0.9785
-0.351562 0.242188 -0.828125 0.878029 0.204937 -0.0945 -0.1835 -0.9785
-0.265625 0.15625 -0.820312 0.858859 0.213226 -0.0945 -0.1835 -0.9785
-0.351562 0.117188 -0.804688 0.857942 0.197495 -0.0945 -0.1835 -0.9785
0.265625 0.15625 -0.820312 0.859881 0.376058 -0.0624 -0.0283 -0.9977
0.226562 0.242188 -0.820312 0.870908 0.364755 -0.0624 -0.0283 -0.9977
0.351562 0.242188 -0.828125 0.8794 0.383488 -0.0624 -0.0283 -0.9977
-0.351562 0.242188 -0.828125 0.878029 0.204937 0.0624 -0.0283 -0.9977
-0.226562 0.242188 -0.820312 0.870376 0.224028 0.0624 -0.0283 -0.9977
-0.265625 0.15625 -0.820312 0.858859 0.213226 0.0624 -0.0283 -0.9977
0.226562 0.242188 -0.820312 0.870908 0.364755 -0.0624 0.026 -0.9977
0.265625 0.335938 -0.820312 0.887842 0.363473 -0.0624 0.026 -0.9977
0.351562 0.242188 -0.828125 0.8794 0.383488 -0.0624 0.026 -0.9977
-0.351562 0.242188 -0.828125 0.878029 0.204937 0.0624 0.026 -0.9977
-0.265625 0.335938 -0.820312 0.887351 0.224558 0.0624 0.026 -0.9977
-0.226562 0.242188 -0.820312 0.870376 0.224028 0.0624 0.026 -0.9977
0.265625 0.335938 -0.820312 0.887842 0.363473 0.0996 0.1729 -0.9799
0.351562 0.375 -0.804688 0.899781 0.373743 0.0996 0.1729 -0.9799
0.351562 0.242188 -0.828125 0.8794 0.383488 0.0996 0.1729 -0.9799
-0.351562 0.242188 -0.828125 0.878029 0.204937 -0.0996 0.1729 -0.9799
-0.351562 0.375 -0.804688 0.898822 0.213767 -0.0996 0.1729 -0.9799
-0.265625 0.335938 -0.820312 0.887351 0.224558 -0.0996 0.1729 -0.9799
0.351562 0.375 -0.804688 0.899781 0.373743 0.3036 0.1656 -0.9383
0.445312 0.335938 -0.78125 0.902359 0.392091 0.3036 0.1656 -0.9383
0.351562 0.242188 -0.828125 0.8794 0.383488 0.3036 0.1656 -0.9383
-0.351562 0.242188 -0.828125 0.878029 0.204937 -0.3036 0.1656 -0.9383
-0.445312 0.335938 -0.78125 0.900583 0.195323 -0.3036 0.1656 -0.9383
-0.351562 0.375 -0.804688 0.898822 0.213767 -0.3036 0.1656 -0.9383
0.445312 0.335938 -0.78125 0.902359 0.392091 0.4002 0.0572 -0.9147
0.476562 0.242188 -0.773438 0.889591 0.406725 0.4002 0.0572 -0.9147
0.351562 0.242188 -0.828125 0.8794 0.383488 0.4002 0.0572 -0.9147
-0.351562 0.242188 -0.828125 0.878029 0.204937 -0.4002 0.0572 -0.9147
-0.476562 0.242188 -0.773438 0.887178 0.181271 -0.4002 0.0572 -0.9147
-0.445312 0.335938 -0.78125 0.900583 0.195323 -0.4002 0.0572 -0.9147
0 -0.945312 -0.640625 0.518925 0.940319 0.1231 -0.8616 -0.4924
0.164062 -0.929688 -0.632812 0.536419 0.937928 0.1231 -0.8616 -0.4924
0.179688 -0.96875 -0.554688 0.54026 0.946195 0.1231 -0.8616 -0.4924
-0.179688 -0.96875 -0.554688 0.497626 0.94623 -0.1231 -0.8616 -0.4924
-0.164062 -0.929688 -0.632812 0.501452 0.937957 -0.1231 -0.8616 -0.4924
0 -0.945312 -0.640625 0.518925 0.940319 -0.1231 -0.8616 -0.4924
0.164062 -0.929688 -0.632812 0.536419 0.937928 0.219 -0.8647 -0.452
0.234375 -0.914062 -0.632812 0.542788 0.935911 0.219 -0.8647 -0.452
0.328125 -0.945312 -0.523438 0.55193 0.941662 0.219 -0.8647 -0.452
-0.328125 -0.945312 -0.523438 0.485955 0.941727 -0.219 -0.8647 -0.452
-0.234375 -0.914062 -0.632812 0.495083 0.935953 -0.219 -0.8647 -0.452
-0.164062 -0.929688 -0.632812 0.501452 0.937957 -0.219 -0.8647 -0.452
0.234375 -0.914062 -0.632812 0.542788 0.935911 0.5902 -0.455 -0.6668
0.265625 -0.820312 -0.664062 0.54629 0.927331 0.5902 -0.455 -0.6668
0.367188 -0.890625 -0.53125 0.555073 0.9381 0.5902 -0.455 -0.6668
-0.367188 -0.890625 -0.53125 0.482805 0.938171 -0.5902 -0.455 -0.6668
-0.265625 -0.820312 -0.664062 0.491565 0.927375 -0.5902 -0.455 -0.6668
-0.234375 -0.914062 -0.632812 0.495083 0.935953 -0.5902 -0.455 -0.6668
0.265625 -0.820312 -0.664062 0.54629 0.927331 0.7689 -0.0506 -0.6374
0.25 -0.703125 -0.6875 0.548333 0.915107 0.7689 -0.0506 -0.6374
0.351562 -0.695312 -0.570312 0.563812 0.923414 0.7689 -0.0506 -0.6374
-0.351562 -0.695312 -0.570312 0.474014 0.923489 -0.7689 -0.0506 -0.6374
-0.25 -0.703125 -0.6875 0.489507 0.915142 -0.7689 -0.0506 -0.6374
-0.265625 -0.820312 -0.664062 0.491565 0.927375 -0.7689 -0.0506 -0.6374
0.25 -0.703125 -0.6875 0.548333 0.915107 0.7796 0.09 -0.6197
0.210938 -0.445312 -0.710938 0.555621 0.878251 0.7796 0.09 -0.6197
0.3125 -0.4375 -0.570312 0.583135 0.891505 0.7796 0.09 -0.6197
-0.3125 -0.4375 -0.570312 0.454527 0.891519 -0.7796 0.09 -0.6197
-0.210938 -0.445312 -0.710938 0.482177 0.878219 -0.7796 0.09 -0.6197
-0.25 -0.703125 -0.6875 0.489507 0.915142 -0.7796 0.09 -0.6197
0.398438 -0.046875 -0.671875 0.621513 0.772182 0.3241 -0.8188 -0.4739
0.4375 -0.140625 -0.53125 0.647395 0.799498 0.3241 -0.8188 -0.4739
0.203125 -0.1875 -0.5625 0.605512 0.834866 0.3241 -0.8188 -0.4739
-0.203125 -0.1875 -0.5625 0.432024 0.834356 -0.3241 -0.8188 -0.4739
-0.4375 -0.140625 -0.53125 0.389677 0.79811 -0.3241 -0.8188 -0.4739
-0.398438 -0.046875 -0.671875 0.416514 0.77051 -0.3241 -0.8188 -0.4739
0.617188 0.054688 -0.625 0.664761 0.746775 0.3857 -0.6629 -0.6417
0.632812 -0.039062 -0.539062 0.676379 0.766759 0.3857 -0.6629 -0.6417
0.4375 -0.140625 -0.53125 0.647395 0.799498 0.3857 -0.6629 -0.6417
-0.4375 -0.140625 -0.53125 0.389677 0.79811 -0.3857 -0.6629 -0.6417
-0.632812 -0.039062 -0.539062 0.360308 0.764101 -0.3857 -0.6629 -0.6417
-0.617188 0.054688 -0.625 0.372747 0.743643 -0.3857 -0.6629 -0.6417
0.726562 0.203125 -0.601562 0.683908 0.720005 0.6895 -0.4193 -0.5906
0.828125 0.148438 -0.445312 0.715342 0.734608 0.6895 -0.4193 -0.5906
0.632812 -0.039062 -0.539062 0.676379 0.766759 0.6895 -0.4193 -0.5906
-0.632812 -0.039062 -0.539062 0.360308 0.764101 -0.6895 -0.4193 -0.5906
-0.828125 0.148438 -0.445312 0.320452 0.729697 -0.6895 -0.4193 -0.5906
-0.726562 0.203125 -0.601562 0.353696 0.715394 -0.6895 -0.4193 -0.5906
0.742188 0.375 -0.65625 0.687515 0.688461 0.6588 -0.3634 -0.6588
0.859375 0.429688 -0.59375 0.707254 0.689946 0.6588 -0.3634 -0.6588
0.828125 0.148438 -0.445312 0.715342 0.734608 0.6588 -0.3634 -0.6588
-0.828125 0.148438 -0.445312 0.320452 0.729697 -0.6588 -0.3634 -0.6588
-0.859375 0.429688 -0.59375 0.330721 0.683147 -0.6588 -0.3634 -0.6588
-0.742188 0.375 -0.65625 0.351187 0.68256 -0.6588 -0.3634 -0.6588
0.6875 0.414062 -0.726562 0.676824 0.676063 0.5465 0.3707 -0.7509
0.710938 0.484375 -0.625 0.697446 0.667327 0.5465 0.3707 -0.7509
0.859375 0.429688 -0.59375 0.707254 0.689946 0.5465 0.3707 -0.7509
-0.859375 0.429688 -0.59375 0.330721 0.683147 -0.5465 0.3707 -0.7509
-0.710938 0.484375 -0.625 0.341964 0.660333 -0.5465 0.3707 -0.7509
-0.6875 0.414062 -0.726562 0.362723 0.670278 -0.5465 0.3707 -0.7509
0.4375 0.546875 -0.796875 0.63905 0.64267 0.5064 0.6464 -0.5706
0.492188 0.601562 -0.6875 0.662817 0.627479 0.5064 0.6464 -0.5706
0.710938 0.484375 -0.625 0.697446 0.667327 0.5064 0.6464 -0.5706
-0.710938 0.484375 -0.625 0.341964 0.660333 -0.5064 0.6464 -0.5706
-0.492188 0.601562 -0.6875 0.379297 0.621314 -0.5064 0.6464 -0.5706
-0.4375 0.546875 -0.796875 0.402772 0.637869 -0.5064 0.6464 -0.5706
0.3125 0.640625 -0.835938 0.618316 0.624849 0.6092 0.5167 -0.6015
0.320312 0.757812 -0.734375 0.626842 0.604208 0.6092 0.5167 -0.6015
0.492188 0.601562 -0.6875 0.662817 0.627479 0.6092 0.5167 -0.6015
-0.492188 0.601562 -0.6875 0.379297 0.621314 -0.6092 0.5167 -0.6015
-0.320312 0.757812 -0.734375 0.416915 0.599448 -0.6092 0.5167 -0.6015
-0.3125 0.640625 -0.835938 0.424583 0.620733 -0.6092 0.5167 -0.6015
0.203125 0.617188 -0.851562 0.600808 0.622143 -0.0441 0.661 -0.7491
0.15625 0.71875 -0.757812 0.604826 0.602196 -0.0441 0.661 -0.7491
0.320312 0.757812 -0.734375 0.626842 0.604208 -0.0441 0.661 -0.7491
-0.320312 0.757812 -0.734375 0.416915 0.599448 0.0441 0.661 -0.7491
-0.15625 0.71875 -0.757812 0.439252 0.59846 0.0441 0.661 -0.7491
-0.203125 0.617188 -0.851562 0.442396 0.618778 0.0441 0.661 -0.7491
0.101562 0.429688 -0.84375 0.559674 0.642989 -0.7246 0.3187 -0.611
0.0625 0.492188 -0.75 0.553095 0.609488 -0.7246 0.3187 -0.611
0.15625 0.71875 -0.757812 0.604826 0.602196 -0.7246 0.3187 -0.611
-0.15625 0.71875 -0.757812 0.439252 0.59846 0.7246 0.3187 -0.611
-0.0625 0.492188 -0.75 0.490934 0.608138 0.7246 0.3187 -0.611
-0.101562 0.429688 -0.84375 0.482938 0.641503 0.7246 0.3187 -0.611
0 0.351562 -0.820312 0.521086 0.656132 -0.588 0.5554 -0.588
0 0.429688 -0.742188 0.521923 0.613991 -0.588 0.5554 -0.588
0.0625 0.492188 -0.75 0.553095 0.609488 -0.588 0.5554 -0.588
-0.0625 0.492188 -0.75 0.490934 0.608138 0.588 0.5554 -0.588
0 0.429688 -0.742188 0.521923 0.613991 0.588 0.5554 -0.588
0 0.351562 -0.820312 0.521086 0.656132 0.588 0.5554 -0.588
0.203125 0.617188 -0.851562 0.600808 0.622143 0.5361 -0.3909 -0.7482
0.25 0.46875 -0.757812 0.599845 0.655185 0.5361 -0.3909 -0.7482
0.164062 0.414062 -0.773438 0.577279 0.659844 0.5361 -0.3909 -0.7482
-0.164062 0.414062 -0.773438 0.464579 0.65777 -0.5361 -0.3909 -0.7482
-0.25 0.46875 -0.757812 0.441977 0.652185 -0.5361 -0.3909 -0.7482
-0.203125 0.617188 -0.851562 0.442396 0.618778 -0.5361 -0.3909 -0.7482
0.3125 0.640625 -0.835938 0.618316 0.624849 0.2207 -0.469 -0.8552
0.328125 0.476562 -0.742188 0.615546 0.657995 0.2207 -0.469 -0.8552
0.25 0.46875 -0.757812 0.599845 0.655185 0.2207 -0.469 -0.8552
-0.25 0.46875 -0.757812 0.441977 0.652185 -0.2207 -0.469 -0.8552
-0.328125 0.476562 -0.742188 0.425972 0.654418 -0.2207 -0.469 -0.8552
-0.3125 0.640625 -0.835938 0.424583 0.620733 -0.2207 -0.469 -0.8552
0.3125 0.640625 -0.835938 0.618316 0.624849 -0.0794 -0.5321 -0.8429
0.4375 0.546875 -0.796875 0.63905 0.64267 -0.0794 -0.5321 -0.8429
0.429688 0.4375 -0.71875 0.634472 0.667689 -0.0794 -0.5321 -0.8429
-0.429688 0.4375 -0.71875 0.406362 0.66352 0.0794 -0.5321 -0.8429
-0.4375 0.546875 -0.796875 0.402772 0.637869 0.0794 -0.5321 -0.8429
-0.3125 0.640625 -0.835938 0.424583 0.620733 0.0794 -0.5321 -0.8429
0.4375 0.546875 -0.796875 0.63905 0.64267 -0.0825 -0.6575 -0.749
0.6875 0.414062 -0.726562 0.676824 0.676063 -0.0825 -0.6575 -0.749
0.601562 0.375 -0.664062 0.662406 0.687196 -0.0825 -0.6575 -0.749
-0.601562 0.375 -0.664062 0.377061 0.682315 0.0825 -0.6575 -0.749
-0.6875 0.414062 -0.726562 0.362723 0.670278 0.0825 -0.6575 -0.749
-0.4375 0.546875 -0.796875 0.402772 0.637869 0.0825 -0.6575 -0.749
0.6875 0.414062 -0.726562 0.676824 0.676063 0.0457 -0.5667 -0.8226
0.742188 0.375 -0.65625 0.687515 0.688461 0.0457 -0.5667 -0.8226
0.640625 0.296875 -0.648438 0.66844 0.702042 0.0457 -0.5667 -0.8226
-0.640625 0.296875 -0.648438 0.370304 0.697356 -0.0457 -0.5667 -0.8226
-0.742188 0.375 -0.65625 0.351187 0.68256 -0.0457 -0.5667 -0.8226
-0.6875 0.414062 -0.726562 0.362723 0.670278 -0.0457 -0.5667 -0.8226
0.742188 0.375 -0.65625 0.687515 0.688461 0.2784 -0.213 -0.9365
0.726562 0.203125 -0.601562 0.683908 0.720005 0.2784 -0.213 -0.9365
0.625 0.1875 -0.648438 0.664101 0.722128 0.2784 -0.213 -0.9365
-0.625 0.1875 -0.648438 0.3741 0.718222 -0.2784 -0.213 -0.9365
-0.726562 0.203125 -0.601562 0.353696 0.715394 -0.2784 -0.213 -0.9365
-0.742188 0.375 -0.65625 0.351187 0.68256 -0.2784 -0.213 -0.9365
0.726562 0.203125 -0.601562 0.683908 0.720005 0.3813 -0.1824 -0.9063
0.617188 0.054688 -0.625 0.664761 0.746775 0.3813 -0.1824 -0.9063
0.492188 0.0625 -0.671875 0.639236 0.746953 0.3813 -0.1824 -0.9063
-0.492188 0.0625 -0.671875 0.398938 0.744367 -0.3813 -0.1824 -0.9063
-0.617188 0.054688 -0.625 0.372747 0.743643 -0.3813 -0.1824 -0.9063
-0.726562 0.203125 -0.601562 0.353696 0.715394 -0.3813 -0.1824 -0.9063
0.617188 0.054688 -0.625 0.664761 0.746775 0.3357 -0.2878 -0.8969
0.398438 -0.046875 -0.671875 0.621513 0.772182 0.3357 -0.2878 -0.8969
0.375 0.015625 -0.703125 0.613992 0.757338 0.3357 -0.2878 -0.8969
-0.375 0.015625 -0.703125 0.424464 0.755527 -0.3357 -0.2878 -0.8969
-0.398438 -0.046875 -0.671875 0.416514 0.77051 -0.3357 -0.2878 -0.8969
-0.617188 0.054688 -0.625 0.372747 0.743643 -0.3357 -0.2878 -0.8969
0.398438 -0.046875 -0.671875 0.621513 0.772182 0.3762 0.0603 -0.9246
0.125 -0.101562 -0.8125 0.553118 0.790401 0.3762 0.0603 -0.9246
0.203125 0.09375 -0.742188 0.572941 0.741436 0.3762 0.0603 -0.9246
-0.203125 0.09375 -0.742188 0.466409 0.740291 -0.3762 0.0603 -0.9246
-0.125 -0.101562 -0.8125 0.485339 0.789947 -0.3762 0.0603 -0.9246
-0.398438 -0.046875 -0.671875 0.416514 0.77051 -0.3762 0.0603 -0.9246
0 0.046875 -0.726562 0.51976 0.751136 -0.1352 0.268 -0.9539
0.164062 0.140625 -0.75 0.563905 0.727993 -0.1352 0.268 -0.9539
0.203125 0.09375 -0.742188 0.572941 0.741436 -0.1352 0.268 -0.9539
-0.203125 0.09375 -0.742188 0.466409 0.740291 0.1352 0.268 -0.9539
-0.164062 0.140625 -0.75 0.475886 0.726922 0.1352 0.268 -0.9539
0 0.046875 -0.726562 0.51976 0.751136 0.1352 0.268 -0.9539
0 0.351562 -0.820312 0.521086 0.656132 0.3961 -0.4321 -0.8102
0.101562 0.429688 -0.84375 0.559674 0.642989 0.3961 -0.4321 -0.8102
0.164062 0.414062 -0.773438 0.577279 0.659844 0.3961 -0.4321 -0.8102
-0.164062 0.414062 -0.773438 0.464579 0.65777 -0.3961 -0.4321 -0.8102
-0.101562 0.429688 -0.84375 0.482938 0.641503 -0.3961 -0.4321 -0.8102
0 0.351562 -0.820312 0.521086 0.656132 -0.3961 -0.4321 -0.8102
0 0.210938 -0.765625 0.520277 0.705236 0.1856 -0.2474 -0.951
0 0.351562 -0.820312 0.521086 0.656132 0.1856 -0.2474 -0.951
0.125 0.304688 -0.765625 0.558527 0.683406 0.1856 -0.2474 -0.951
-0.125 0.304688 -0.765625 0.482619 0.682157 -0.1856 -0.2474 -0.951
0 0.351562 -0.820312 0.521086 0.656132 -0.1856 -0.2474 -0.951
0 0.210938 -0.765625 0.520277 0.705236 -0.1856 -0.2474 -0.951
0.132812 0.210938 -0.757812 0.556923 0.708786 0.0099 -0.1948 -0.9808
0.164062 0.140625 -0.75 0.563905 0.727993 0.0099 -0.1948 -0.9808
0 0.046875 -0.726562 0.51976 0.751136 0.0099 -0.1948 -0.9808
0 0.046875 -0.726562 0.51976 0.751136 -0.0099 -0.1948 -0.9808
-0.164062 0.140625 -0.75 0.475886 0.726922 -0.0099 -0.1948 -0.9808
-0.132812 0.210938 -0.757812 0.483433 0.707751 -0.0099 -0.1948 -0.9808
0 -0.945312 -0.640625 0.518925 0.940319 0.0721 -0.6966 -0.7138
0 -0.890625 -0.6875 0.518928 0.932101 0.0721 -0.6966 -0.7138
0.0625 -0.882812 -0.695312 0.525483 0.931033 0.0721 -0.6966 -0.7138
-0.0625 -0.882812 -0.695312 0.512375 0.931044 -0.0721 -0.6966 -0.7138
0 -0.890625 -0.6875 0.518928 0.932101 -0.0721 -0.6966 -0.7138
0 -0.945312 -0.640625 0.518925 0.940319 -0.0721 -0.6966 -0.7138
0.164062 -0.929688 -0.632812 0.536419 0.937928 0.1863 -0.5723 -0.7986
0.0625 -0.882812 -0.695312 0.525483 0.931033 0.1863 -0.5723 -0.7986
0.117188 -0.835938 -0.710938 0.531231 0.926171 0.1863 -0.5723 -0.7986
-0.117188 -0.835938 -0.710938 0.506626 0.926189 -0.1863 -0.5723 -0.7986
-0.0625 -0.882812 -0.695312 0.512375 0.931044 -0.1863 -0.5723 -0.7986
-0.164062 -0.929688 -0.632812 0.501452 0.937957 -0.1863 -0.5723 -0.7986
0.234375 -0.914062 -0.632812 0.542788 0.935911 0.3157 -0.2708 -0.9094
0.117188 -0.835938 -0.710938 0.531231 0.926171 0.3157 -0.2708 -0.9094
0.109375 -0.71875 -0.734375 0.531019 0.912569 0.3157 -0.2708 -0.9094
-0.109375 -0.71875 -0.734375 0.506827 0.912584 -0.3157 -0.2708 -0.9094
-0.117188 -0.835938 -0.710938 0.506626 0.926189 -0.3157 -0.2708 -0.9094
-0.234375 -0.914062 -0.632812 0.495083 0.935953 -0.3157 -0.2708 -0.9094
0.117188 -0.6875 -0.734375 0.532669 0.90908 0.3063 -0.0265 -0.9516
0.078125 -0.445312 -0.75 0.532042 0.872287 0.3063 -0.0265 -0.9516
0.210938 -0.445312 -0.710938 0.555621 0.878251 0.3063 -0.0265 -0.9516
-0.210938 -0.445312 -0.710938 0.482177 0.878219 -0.3063 -0.0265 -0.9516
-0.078125 -0.445312 -0.75 0.505828 0.872272 -0.3063 -0.0265 -0.9516
-0.117188 -0.6875 -0.734375 0.505177 0.909092 -0.3063 -0.0265 -0.9516
0.25 -0.703125 -0.6875 0.548333 0.915107 0.3266 -0.1306 -0.9361
0.265625 -0.820312 -0.664062 0.54629 0.927331 0.3266 -0.1306 -0.9361
0.109375 -0.71875 -0.734375 0.531019 0.912569 0.3266 -0.1306 -0.9361
-0.109375 -0.71875 -0.734375 0.506827 0.912584 -0.3266 -0.1306 -0.9361
-0.265625 -0.820312 -0.664062 0.491565 0.927375 -0.3266 -0.1306 -0.9361
-0.25 -0.703125 -0.6875 0.489507 0.915142 -0.3266 -0.1306 -0.9361
0 -0.445312 -0.75 0.518941 0.871642 -0.0137 0.0574 -0.9983
0 -0.328125 -0.742188 0.518981 0.848251 -0.0137 0.0574 -0.9983
0.085938 -0.289062 -0.742188 0.538112 0.841618 -0.0137 0.0574 -0.9983
-0.085938 -0.289062 -0.742188 0.499851 0.841566 0.0137 0.0574 -0.9983
0 -0.328125 -0.742188 0.518981 0.848251 0.0137 0.0574 -0.9983
0 -0.445312 -0.75 0.518941 0.871642 0.0137 0.0574 -0.9983
0 -0.445312 -0.75 0.518941 0.871642 -0.0026 -0.0656 -0.9978
0.078125 -0.445312 -0.75 0.532042 0.872287 -0.0026 -0.0656 -0.9978
0.117188 -0.6875 -0.734375 0.532669 0.90908 -0.0026 -0.0656 -0.9978
-0.117188 -0.6875 -0.734375 0.505177 0.909092 0.0026 -0.0656 -0.9978
-0.078125 -0.445312 -0.75 0.505828 0.872272 0.0026 -0.0656 -0.9978
0 -0.445312 -0.75 0.518941 0.871642 0.0026 -0.0656 -0.9978
0.117188 -0.6875 -0.734375 0.532669 0.90908 -0 -0 -1
0.109375 -0.71875 -0.734375 0.531019 0.912569 -0 -0 -1
0 -0.765625 -0.734375 0.518927 0.91482 -0 -0 -1
0 -0.765625 -0.734375 0.518927 0.91482 -0 -0 -1
-0.109375 -0.71875 -0.734375 0.506827 0.912584 -0 -0 -1
-0.117188 -0.6875 -0.734375 0.505177 0.909092 -0 -0 -1
0.09375 -0.273438 -0.78125 0.535214 0.833192 0.8174 -0.5744 0.0442
0.132812 -0.226562 -0.796875 0.537959 0.824034 0.8174 -0.5744 0.0442
0.125 -0.226562 -0.75 0.548362 0.82644 0.8174 -0.5744 0.0442
-0.125 -0.226562 -0.75 0.489683 0.826307 -0.8174 -0.5744 0.0442
-0.132812 -0.226562 -0.796875 0.5001 0.823967 -0.8174 -0.5744 0.0442
-0.09375 -0.273438 -0.78125 0.502799 0.833143 -0.8174 -0.5744 0.0442
0.132812 -0.226562 -0.796875 0.537959 0.824034 0.9494 0.2297 0.2144
0.109375 -0.132812 -0.78125 0.537248 0.812423 0.9494 0.2297 0.2144
0.101562 -0.148438 -0.742188 0.544281 0.806634 0.9494 0.2297 0.2144
-0.101562 -0.148438 -0.742188 0.493996 0.806572 -0.9494 0.2297 0.2144
-0.109375 -0.132812 -0.78125 0.50089 0.812429 -0.9494 0.2297 0.2144
-0.132812 -0.226562 -0.796875 0.5001 0.823967 -0.9494 0.2297 0.2144
0.109375 -0.132812 -0.78125 0.537248 0.812423 0.0825 0.9073 0.4124
0.039062 -0.125 -0.78125 0.528757 0.808215 0.0825 0.9073 0.4124
0 -0.140625 -0.742188 0.519841 0.799157 0.0825 0.9073 0.4124
0 -0.140625 -0.742188 0.519841 0.799157 -0.0825 0.9073 0.4124
-0.039062 -0.125 -0.78125 0.509219 0.808374 -0.0825 0.9073 0.4124
-0.109375 -0.132812 -0.78125 0.50089 0.812429 -0.0825 0.9073 0.4124
0.039062 -0.125 -0.78125 0.528757 0.808215 -0.8836 0.3555 -0.3047
0 -0.1875 -0.796875 0.519132 0.814618 -0.8836 0.3555 -0.3047
0 -0.195312 -0.75 0.517577 0.809393 -0.8836 0.3555 -0.3047
0 -0.195312 -0.75 0.517577 0.809393 0.8836 0.3555 -0.3047
0 -0.1875 -0.796875 0.519132 0.814618 0.8836 0.3555 -0.3047
-0.039062 -0.125 -0.78125 0.509219 0.808374 0.8836 0.3555 -0.3047
0.09375 -0.273438 -0.78125 0.535214 0.833192 0.4207 -0.8797 -0.2218
0.085938 -0.289062 -0.742188 0.538112 0.841618 0.4207 -0.8797 -0.2218
0 -0.328125 -0.742188 0.518981 0.848251 0.4207 -0.8797 -0.2218
0 -0.328125 -0.742188 0.518981 0.848251 -0.4207 -0.8797 -0.2218
-0.085938 -0.289062 -0.742188 0.499851 0.841566 -0.4207 -0.8797 -0.2218
-0.09375 -0.273438 -0.78125 0.502799 0.833143 -0.4207 -0.8797 -0.2218
0.078125 -0.25 -0.804688 0.531131 0.828369 0.2873 -0.5747 -0.7663
0.09375 -0.273438 -0.78125 0.535214 0.833192 0.2873 -0.5747 -0.7663
0 -0.320312 -0.78125 0.518998 0.840972 0.2873 -0.5747 -0.7663
0 -0.320312 -0.78125 0.518998 0.840972 -0.2873 -0.5747 -0.7663
-0.09375 -0.273438 -0.78125 0.502799 0.833143 -0.2873 -0.5747 -0.7663
-0.078125 -0.25 -0.804688 0.50691 0.828333 -0.2873 -0.5747 -0.7663
0.046875 -0.148438 -0.8125 0.528222 0.813684 -0.6542 0.6019 -0.458
0 -0.203125 -0.828125 0.519099 0.820543 -0.6542 0.6019 -0.458
0 -0.1875 -0.796875 0.519132 0.814618 -0.6542 0.6019 -0.458
0 -0.1875 -0.796875 0.519132 0.814618 0.6542 0.6019 -0.458
0 -0.203125 -0.828125 0.519099 0.820543 0.6542 0.6019 -0.458
-0.046875 -0.148438 -0.8125 0.509787 0.81374 0.6542 0.6019 -0.458
0.09375 -0.15625 -0.8125 0.533528 0.815785 0.1052 0.7892 -0.6051
0.046875 -0.148438 -0.8125 0.528222 0.813684 0.1052 0.7892 -0.6051
0.039062 -0.125 -0.78125 0.528757 0.808215 0.1052 0.7892 -0.6051
-0.039062 -0.125 -0.78125 0.509219 0.808374 -0.1052 0.7892 -0.6051
-0.046875 -0.148438 -0.8125 0.509787 0.81374 -0.1052 0.7892 -0.6051
-0.09375 -0.15625 -0.8125 0.504547 0.815794 -0.1052 0.7892 -0.6051
0.109375 -0.226562 -0.828125 0.533449 0.823261 0.7582 0.2916 -0.5832
0.09375 -0.15625 -0.8125 0.533528 0.815785 0.7582 0.2916 -0.5832
0.109375 -0.132812 -0.78125 0.537248 0.812423 0.7582 0.2916 -0.5832
-0.109375 -0.132812 -0.78125 0.50089 0.812429 -0.7582 0.2916 -0.5832
-0.09375 -0.15625 -0.8125 0.504547 0.815794 -0.7582 0.2916 -0.5832
-0.109375 -0.226562 -0.828125 0.504604 0.823209 -0.7582 0.2916 -0.5832
0.078125 -0.25 -0.804688 0.531131 0.828369 0.3889 -0.713 -0.5834
0.109375 -0.226562 -0.828125 0.533449 0.823261 0.3889 -0.713 -0.5834
0.132812 -0.226562 -0.796875 0.537959 0.824034 0.3889 -0.713 -0.5834
-0.132812 -0.226562 -0.796875 0.5001 0.823967 -0.3889 -0.713 -0.5834
-0.109375 -0.226562 -0.828125 0.504604 0.823209 -0.3889 -0.713 -0.5834
-0.078125 -0.25 -0.804688 0.50691 0.828333 -0.3889 -0.713 -0.5834
0.09375 -0.15625 -0.8125 0.533528 0.815785 0.0463 0.2314 -0.9718
0.109375 -0.226562 -0.828125 0.533449 0.823261 0.0463 0.2314 -0.9718
0 -0.203125 -0.828125 0.519099 0.820543 0.0463 0.2314 -0.9718
0 -0.203125 -0.828125 0.519099 0.820543 -0.0463 0.2314 -0.9718
-0.109375 -0.226562 -0.828125 0.504604 0.823209 -0.0463 0.2314 -0.9718
-0.09375 -0.15625 -0.8125 0.504547 0.815794 -0.0463 0.2314 -0.9718
0.078125 -0.25 -0.804688 0.531131 0.828369 0.0335 -0.4018 -0.9151
0 -0.289062 -0.804688 0.519016 0.834401 0.0335 -0.4018 -0.9151
0 -0.203125 -0.828125 0.519099 0.820543 0.0335 -0.4018 -0.9151
0 -0.203125 -0.828125 0.519099 0.820543 -0.0335 -0.4018 -0.9151
0 -0.289062 -0.804688 0.519016 0.834401 -0.0335 -0.4018 -0.9151
-0.078125 -0.25 -0.804688 0.50691 0.828333 -0.0335 -0.4018 -0.9151
0.125 -0.101562 -0.8125 0.553118 0.790401 -0.4452 -0.161 -0.8809
0.101562 -0.148438 -0.742188 0.544281 0.806634 -0.4452 -0.161 -0.8809
0 -0.140625 -0.742188 0.519841 0.799157 -0.4452 -0.161 -0.8809
0 -0.140625 -0.742188 0.519841 0.799157 0.4452 -0.161 -0.8809
-0.101562 -0.148438 -0.742188 0.493996 0.806572 0.4452 -0.161 -0.8809
-0.125 -0.101562 -0.8125 0.485339 0.789947 0.4452 -0.161 -0.8809
0.164062 -0.242188 -0.710938 0.561572 0.832221 -0.2182 -0.4364 -0.8729
0.125 -0.226562 -0.75 0.548362 0.82644 -0.2182 -0.4364 -0.8729
0.101562 -0.148438 -0.742188 0.544281 0.806634 -0.2182 -0.4364 -0.8729
-0.101562 -0.148438 -0.742188 0.493996 0.806572 0.2182 -0.4364 -0.8729
-0.125 -0.226562 -0.75 0.489683 0.826307 0.2182 -0.4364 -0.8729
-0.164062 -0.242188 -0.710938 0.476363 0.832004 0.2182 -0.4364 -0.8729
0.179688 -0.3125 -0.710938 0.559475 0.850681 0.4341 -0.129 -0.8916
0.085938 -0.289062 -0.742188 0.538112 0.841618 0.4341 -0.129 -0.8916
0.125 -0.226562 -0.75 0.548362 0.82644 0.4341 -0.129 -0.8916
-0.125 -0.226562 -0.75 0.489683 0.826307 -0.4341 -0.129 -0.8916
-0.085938 -0.289062 -0.742188 0.499851 0.841566 -0.4341 -0.129 -0.8916
-0.179688 -0.3125 -0.710938 0.478371 0.850553 -0.4341 -0.129 -0.8916
0.210938 -0.445312 -0.710938 0.555621 0.878251 0.3008 0.0501 -0.9524
0.078125 -0.445312 -0.75 0.532042 0.872287 0.3008 0.0501 -0.9524
0.085938 -0.289062 -0.742188 0.538112 0.841618 0.3008 0.0501 -0.9524
-0.085938 -0.289062 -0.742188 0.499851 0.841566 -0.3008 0.0501 -0.9524
-0.078125 -0.445312 -0.75 0.505828 0.872272 -0.3008 0.0501 -0.9524
-0.210938 -0.445312 -0.710938 0.482177 0.878219 -0.3008 0.0501 -0.9524
0.179688 -0.3125 -0.710938 0.559475 0.850681 0.8123 0.301 -0.4996
0.257812 -0.3125 -0.554688 0.596138 0.866574 0.8123 0.301 -0.4996
0.3125 -0.4375 -0.570312 0.583135 0.891505 0.8123 0.301 -0.4996
-0.3125 -0.4375 -0.570312 0.454527 0.891519 -0.8123 0.301 -0.4996
-0.257812 -0.3125 -0.554688 0.441395 0.866408 -0.8123 0.301 -0.4996
-0.179688 -0.3125 -0.710938 0.478371 0.850553 -0.8123 0.301 -0.4996
0.164062 -0.242188 -0.710938 0.561572 0.832221 0.8753 0.2574 -0.4093
0.234375 -0.25 -0.554688 0.601169 0.852115 0.8753 0.2574 -0.4093
0.257812 -0.3125 -0.554688 0.596138 0.866574 0.8753 0.2574 -0.4093
-0.257812 -0.3125 -0.554688 0.441395 0.866408 -0.8753 0.2574 -0.4093
-0.234375 -0.25 -0.554688 0.436337 0.851806 -0.8753 0.2574 -0.4093
-0.164062 -0.242188 -0.710938 0.476363 0.832004 -0.8753 0.2574 -0.4093
0.164062 -0.242188 -0.710938 0.561572 0.832221 0.9385 0.1601 -0.306
0.125 -0.101562 -0.8125 0.553118 0.790401 0.9385 0.1601 -0.306
0.203125 -0.1875 -0.5625 0.605512 0.834866 0.9385 0.1601 -0.306
-0.203125 -0.1875 -0.5625 0.432024 0.834356 -0.9385 0.1601 -0.306
-0.125 -0.101562 -0.8125 0.485339 0.789947 -0.9385 0.1601 -0.306
-0.164062 -0.242188 -0.710938 0.476363 0.832004 -0.9385 0.1601 -0.306
0 -0.773438 -0.71875 0.518925 0.916135 0.2237 -0.6539 -0.7227
0 -0.765625 -0.734375 0.518927 0.91482 0.2237 -0.6539 -0.7227
0.109375 -0.71875 -0.734375 0.531019 0.912569 0.2237 -0.6539 -0.7227
-0.109375 -0.71875 -0.734375 0.506827 0.912584 -0.2237 -0.6539 -0.7227
0 -0.765625 -0.734375 0.518927 0.91482 -0.2237 -0.6539 -0.7227
0 -0.773438 -0.71875 0.518925 0.916135 -0.2237 -0.6539 -0.7227
0.09375 -0.742188 -0.726562 0.528933 0.915043 -0.1536 -0.1997 -0.9677
0.109375 -0.71875 -0.734375 0.531019 0.912569 -0.1536 -0.1997 -0.9677
0.117188 -0.835938 -0.710938 0.531231 0.926171 -0.1536 -0.1997 -0.9677
-0.117188 -0.835938 -0.710938 0.506626 0.926189 0.1536 -0.1997 -0.9677
-0.109375 -0.71875 -0.734375 0.506827 0.912584 0.1536 -0.1997 -0.9677
-0.09375 -0.742188 -0.726562 0.508915 0.915055 0.1536 -0.1997 -0.9677
0.09375 -0.820312 -0.710938 0.529036 0.924571 -0.2733 -0.1025 -0.9565
0.117188 -0.835938 -0.710938 0.531231 0.926171 -0.2733 -0.1025 -0.9565
0.0625 -0.882812 -0.695312 0.525483 0.931033 -0.2733 -0.1025 -0.9565
-0.0625 -0.882812 -0.695312 0.512375 0.931044 0.2733 -0.1025 -0.9565
-0.117188 -0.835938 -0.710938 0.506626 0.926189 0.2733 -0.1025 -0.9565
-0.09375 -0.820312 -0.710938 0.50882 0.924585 0.2733 -0.1025 -0.9565
0.046875 -0.867188 -0.6875 0.523751 0.929492 -0.0976 0.1952 -0.9759
0.0625 -0.882812 -0.695312 0.525483 0.931033 -0.0976 0.1952 -0.9759
0 -0.890625 -0.6875 0.518928 0.932101 -0.0976 0.1952 -0.9759
0 -0.890625 -0.6875 0.518928 0.932101 0.0976 0.1952 -0.9759
-0.0625 -0.882812 -0.695312 0.512375 0.931044 0.0976 0.1952 -0.9759
-0.046875 -0.867188 -0.6875 0.514106 0.929499 0.0976 0.1952 -0.9759
0.046875 -0.851562 -0.632812 0.52156 0.92503 -0.1582 0.9494 -0.2713
0.046875 -0.867188 -0.6875 0.523751 0.929492 -0.1582 0.9494 -0.2713
0 -0.875 -0.6875 0.518929 0.930532 -0.1582 0.9494 -0.2713
0 -0.875 -0.6875 0.518929 0.930532 0.1582 0.9494 -0.2713
-0.046875 -0.867188 -0.6875 0.514106 0.929499 0.1582 0.9494 -0.2713
-0.046875 -0.851562 -0.632812 0.516297 0.925034 0.1582 0.9494 -0.2713
0.09375 -0.8125 -0.640625 0.524236 0.923309 -0.6934 0.7082 -0.1328
0.09375 -0.820312 -0.710938 0.529036 0.924571 -0.6934 0.7082 -0.1328
0.046875 -0.867188 -0.6875 0.523751 0.929492 -0.6934 0.7082 -0.1328
-0.046875 -0.867188 -0.6875 0.514106 0.929499 0.6934 0.7082 -0.1328
-0.09375 -0.820312 -0.710938 0.50882 0.924585 0.6934 0.7082 -0.1328
-0.09375 -0.8125 -0.640625 0.513619 0.923316 0.6934 0.7082 -0.1328
0.09375 -0.75 -0.664062 0.524601 0.920114 -1 -0 0
0.09375 -0.742188 -0.726562 0.528933 0.915043 -1 -0 0
0.09375 -0.820312 -0.710938 0.529036 0.924571 -1 -0 0
-0.09375 -0.820312 -0.710938 0.50882 0.924585 1 -0 0
-0.09375 -0.742188 -0.726562 0.508915 0.915055 1 -0 0
-0.09375 -0.75 -0.664062 0.513252 0.920121 1 -0 0
0 -0.78125 -0.65625 0.518926 0.920669 0.3051 -0.945 -0.1181
0 -0.773438 -0.71875 0.518925 0.916135 0.3051 -0.945 -0.1181
0.09375 -0.742188 -0.726562 0.528933 0.915043 0.3051 -0.945 -0.1181
-0.09375 -0.742188 -0.726562 0.508915 0.915055 -0.3051 -0.945 -0.1181
0 -0.773438 -0.71875 0.518925 0.916135 -0.3051 -0.945 -0.1181
0 -0.78125 -0.65625 0.518926 0.920669 -0.3051 -0.945 -0.1181
0.046875 -0.851562 -0.632812 0.52156 0.92503 0.0298 -0.2981 -0.9541
0 -0.859375 -0.632812 0.518928 0.925741 0.0298 -0.2981 -0.9541
0 -0.78125 -0.65625 0.518926 0.920669 0.0298 -0.2981 -0.9541
0 -0.78125 -0.65625 0.518926 0.920669 -0.0298 -0.2981 -0.9541
0 -0.859375 -0.632812 0.518928 0.925741 -0.0298 -0.2981 -0.9541
-0.046875 -0.851562 -0.632812 0.516297 0.925034 -0.0298 -0.2981 -0.9541
0.09375 -0.8125 -0.640625 0.524236 0.923309 0.1353 -0.3479 -0.9277
0.046875 -0.851562 -0.632812 0.52156 0.92503 0.1353 -0.3479 -0.9277
0.09375 -0.75 -0.664062 0.524601 0.920114 0.1353 -0.3479 -0.9277
-0.09375 -0.75 -0.664062 0.513252 0.920121 -0.1353 -0.3479 -0.9277
-0.046875 -0.851562 -0.632812 0.516297 0.925034 -0.1353 -0.3479 -0.9277
-0.09375 -0.8125 -0.640625 0.513619 0.923316 -0.1353 -0.3479 -0.9277
0.1875 0.15625 -0.773438 0.571787 0.722705 -0.5085 -0.2755 -0.8158
0.164062 0.140625 -0.75 0.563905 0.727993 -0.5085 -0.2755 -0.8158
0.132812 0.210938 -0.757812 0.556923 0.708786 -0.5085 -0.2755 -0.8158
-0.132812 0.210938 -0.757812 0.483433 0.707751 0.5085 -0.2755 -0.8158
-0.164062 0.140625 -0.75 0.475886 0.726922 0.5085 -0.2755 -0.8158
-0.1875 0.15625 -0.773438 0.46807 0.721383 0.5085 -0.2755 -0.8158
0.171875 0.21875 -0.78125 0.568351 0.707096 -0.3843 -0.0419 -0.9223
0.132812 0.210938 -0.757812 0.556923 0.708786 -0.3843 -0.0419 -0.9223
0.125 0.304688 -0.765625 0.558527 0.683406 -0.3843 -0.0419 -0.9223
-0.125 0.304688 -0.765625 0.482619 0.682157 0.3843 -0.0419 -0.9223
-0.132812 0.210938 -0.757812 0.483433 0.707751 0.3843 -0.0419 -0.9223
-0.171875 0.21875 -0.78125 0.471978 0.705718 0.3843 -0.0419 -0.9223
0.179688 0.296875 -0.78125 0.573085 0.688614 -0.2083 0.0374 -0.9774
0.125 0.304688 -0.765625 0.558527 0.683406 -0.2083 0.0374 -0.9774
0.164062 0.414062 -0.773438 0.577279 0.659844 -0.2083 0.0374 -0.9774
-0.164062 0.414062 -0.773438 0.464579 0.65777 0.2083 0.0374 -0.9774
-0.125 0.304688 -0.765625 0.482619 0.682157 0.2083 0.0374 -0.9774
-0.179688 0.296875 -0.78125 0.46779 0.686919 0.2083 0.0374 -0.9774
0.226562 0.109375 -0.78125 0.580734 0.73338 -0.5721 -0.4767 -0.6674
0.203125 0.09375 -0.742188 0.572941 0.741436 -0.5721 -0.4767 -0.6674
0.164062 0.140625 -0.75 0.563905 0.727993 -0.5721 -0.4767 -0.6674
-0.164062 0.140625 -0.75 0.475886 0.726922 0.5721 -0.4767 -0.6674
-0.203125 0.09375 -0.742188 0.466409 0.740291 0.5721 -0.4767 -0.6674
-0.226562 0.109375 -0.78125 0.458737 0.731951 0.5721 -0.4767 -0.6674
0.375 0.0625 -0.742188 0.61172 0.744275 -0.1369 -0.7531 -0.6435
0.375 0.015625 -0.703125 0.613992 0.757338 -0.1369 -0.7531 -0.6435
0.203125 0.09375 -0.742188 0.572941 0.741436 -0.1369 -0.7531 -0.6435
-0.203125 0.09375 -0.742188 0.466409 0.740291 0.1369 -0.7531 -0.6435
-0.375 0.015625 -0.703125 0.424464 0.755527 0.1369 -0.7531 -0.6435
-0.375 0.0625 -0.742188 0.427062 0.742272 0.1369 -0.7531 -0.6435
0.476562 0.101562 -0.71875 0.632494 0.737147 0.4088 -0.6071 -0.6814
0.492188 0.0625 -0.671875 0.639236 0.746953 0.4088 -0.6071 -0.6814
0.375 0.015625 -0.703125 0.613992 0.757338 0.4088 -0.6071 -0.6814
-0.375 0.015625 -0.703125 0.424464 0.755527 -0.4088 -0.6071 -0.6814
-0.492188 0.0625 -0.671875 0.398938 0.744367 -0.4088 -0.6071 -0.6814
-0.476562 0.101562 -0.71875 0.406068 0.734492 -0.4088 -0.6071 -0.6814
0.578125 0.195312 -0.679688 0.653658 0.720029 0.574 -0.413 -0.707
0.625 0.1875 -0.648438 0.664101 0.722128 0.574 -0.413 -0.707
0.492188 0.0625 -0.671875 0.639236 0.746953 0.574 -0.413 -0.707
-0.492188 0.0625 -0.671875 0.398938 0.744367 -0.574 -0.413 -0.707
-0.625 0.1875 -0.648438 0.3741 0.718222 -0.574 -0.413 -0.707
-0.578125 0.195312 -0.679688 0.384904 0.716366 -0.574 -0.413 -0.707
0.585938 0.289062 -0.6875 0.656064 0.702364 0.5665 -0.0968 -0.8183
0.640625 0.296875 -0.648438 0.66844 0.702042 0.5665 -0.0968 -0.8183
0.625 0.1875 -0.648438 0.664101 0.722128 0.5665 -0.0968 -0.8183
-0.625 0.1875 -0.648438 0.3741 0.718222 -0.5665 -0.0968 -0.8183
-0.640625 0.296875 -0.648438 0.370304 0.697356 -0.5665 -0.0968 -0.8183
-0.585938 0.289062 -0.6875 0.383015 0.698136 -0.5665 -0.0968 -0.8183
0.5625 0.351562 -0.695312 0.652752 0.689814 0.5703 0.118 -0.8129
0.601562 0.375 -0.664062 0.662406 0.687196 0.5703 0.118 -0.8129
0.640625 0.296875 -0.648438 0.66844 0.702042 0.5703 0.118 -0.8129
-0.640625 0.296875 -0.648438 0.370304 0.697356 -0.5703 0.118 -0.8129
-0.601562 0.375 -0.664062 0.377061 0.682315 -0.5703 0.118 -0.8129
-0.5625 0.351562 -0.695312 0.386858 0.685385 -0.5703 0.118 -0.8129
0.421875 0.398438 -0.773438 0.62904 0.676136 0.4823 0.5621 -0.6719
0.429688 0.4375 -0.71875 0.634472 0.667689 0.4823 0.5621 -0.6719
0.601562 0.375 -0.664062 0.662406 0.687196 0.4823 0.5621 -0.6719
-0.601562 0.375 -0.664062 0.377061 0.682315 -0.4823 0.5621 -0.6719
-0.429688 0.4375 -0.71875 0.406362 0.66352 -0.4823 0.5621 -0.6719
-0.421875 0.398438 -0.773438 0.411556 0.672327 -0.4823 0.5621 -0.6719
0.335938 0.429688 -0.757812 0.614408 0.668028 0.2604 0.6114 -0.7473
0.328125 0.476562 -0.742188 0.615546 0.657995 0.2604 0.6114 -0.7473
0.429688 0.4375 -0.71875 0.634472 0.667689 0.2604 0.6114 -0.7473
-0.429688 0.4375 -0.71875 0.406362 0.66352 -0.2604 0.6114 -0.7473
-0.328125 0.476562 -0.742188 0.425972 0.654418 -0.2604 0.6114 -0.7473
-0.335938 0.429688 -0.757812 0.426727 0.664639 -0.2604 0.6114 -0.7473
0.273438 0.421875 -0.773438 0.601033 0.666376 0.164 0.3607 -0.9182
0.25 0.46875 -0.757812 0.599845 0.655185 0.164 0.3607 -0.9182
0.328125 0.476562 -0.742188 0.615546 0.657995 0.164 0.3607 -0.9182
-0.328125 0.476562 -0.742188 0.425972 0.654418 -0.164 0.3607 -0.9182
-0.25 0.46875 -0.757812 0.441977 0.652185 -0.164 0.3607 -0.9182
-0.273438 0.421875 -0.773438 0.440344 0.663463 -0.164 0.3607 -0.9182
0.210938 0.375 -0.78125 0.584855 0.672292 -0.0178 0.2495 -0.9682
0.164062 0.414062 -0.773438 0.577279 0.659844 -0.0178 0.2495 -0.9682
0.25 0.46875 -0.757812 0.599845 0.655185 -0.0178 0.2495 -0.9682
-0.25 0.46875 -0.757812 0.441977 0.652185 0.0178 0.2495 -0.9682
-0.164062 0.414062 -0.773438 0.464579 0.65777 0.0178 0.2495 -0.9682
-0.210938 0.375 -0.78125 0.456477 0.670039 0.0178 0.2495 -0.9682
0.234375 0.359375 -0.757812 0.590644 0.678484 0.3273 -0.4166 -0.8481
0.210938 0.375 -0.78125 0.584855 0.672292 0.3273 -0.4166 -0.8481
0.273438 0.421875 -0.773438 0.601033 0.666376 0.3273 -0.4166 -0.8481
-0.273438 0.421875 -0.773438 0.440344 0.663463 -0.3273 -0.4166 -0.8481
-0.210938 0.375 -0.78125 0.456477 0.670039 -0.3273 -0.4166 -0.8481
-0.234375 0.359375 -0.757812 0.450408 0.676081 -0.3273 -0.4166 -0.8481
0.28125 0.398438 -0.765625 0.601799 0.671547 0.2811 -0.261 -0.9235
0.273438 0.421875 -0.773438 0.601033 0.666376 0.2811 -0.261 -0.9235
0.335938 0.429688 -0.757812 0.614408 0.668028 0.2811 -0.261 -0.9235
-0.335938 0.429688 -0.757812 0.426727 0.664639 -0.2811 -0.261 -0.9235
-0.273438 0.421875 -0.773438 0.440344 0.663463 -0.2811 -0.261 -0.9235
-0.28125 0.398438 -0.765625 0.439372 0.668669 -0.2811 -0.261 -0.9235
0.335938 0.40625 -0.75 0.613335 0.672917 -0.2542 -0.6514 -0.7149
0.335938 0.429688 -0.757812 0.614408 0.668028 -0.2542 -0.6514 -0.7149
0.421875 0.398438 -0.773438 0.62904 0.676136 -0.2542 -0.6514 -0.7149
-0.421875 0.398438 -0.773438 0.411556 0.672327 0.2542 -0.6514 -0.7149
-0.335938 0.429688 -0.757812 0.426727 0.664639 0.2542 -0.6514 -0.7149
-0.335938 0.40625 -0.75 0.427623 0.669642 0.2542 -0.6514 -0.7149
0.414062 0.390625 -0.75 0.626851 0.679487 -0.026 -0.8455 -0.5333
0.421875 0.398438 -0.773438 0.62904 0.676136 -0.026 -0.8455 -0.5333
0.5625 0.351562 -0.695312 0.652752 0.689814 -0.026 -0.8455 -0.5333
-0.5625 0.351562 -0.695312 0.386858 0.685385 0.026 -0.8455 -0.5333
-0.421875 0.398438 -0.773438 0.411556 0.672327 0.026 -0.8455 -0.5333
-0.414062 0.390625 -0.75 0.413648 0.675825 0.026 -0.8455 -0.5333
0.53125 0.335938 -0.679688 0.646248 0.693579 -0.3518 -0.2606 -0.8991
0.5625 0.351562 -0.695312 0.652752 0.689814 -0.3518 -0.2606 -0.8991
0.585938 0.289062 -0.6875 0.656064 0.702364 -0.3518 -0.2606 -0.8991
-0.585938 0.289062 -0.6875 0.383015 0.698136 0.3518 -0.2606 -0.8991
-0.5625 0.351562 -0.695312 0.386858 0.685385 0.3518 -0.2606 -0.8991
-0.53125 0.335938 -0.679688 0.393381 0.68949 0.3518 -0.2606 -0.8991
0.554688 0.28125 -0.671875 0.649541 0.703775 -0.3523 -0.011 -0.9358
0.585938 0.289062 -0.6875 0.656064 0.702364 -0.3523 -0.011 -0.9358
0.578125 0.195312 -0.679688 0.653658 0.720029 -0.3523 -0.011 -0.9358
-0.578125 0.195312 -0.679688 0.384904 0.716366 0.3523 -0.011 -0.9358
-0.585938 0.289062 -0.6875 0.383015 0.698136 0.3523 -0.011 -0.9358
-0.554688 0.28125 -0.671875 0.389662 0.699817 0.3523 -0.011 -0.9358
0.546875 0.210938 -0.671875 0.647785 0.716514 -0.1317 0.4608 -0.8777
0.578125 0.195312 -0.679688 0.653658 0.720029 -0.1317 0.4608 -0.8777
0.476562 0.101562 -0.71875 0.632494 0.737147 -0.1317 0.4608 -0.8777
-0.476562 0.101562 -0.71875 0.406068 0.734492 0.1317 0.4608 -0.8777
-0.578125 0.195312 -0.679688 0.384904 0.716366 0.1317 0.4608 -0.8777
-0.546875 0.210938 -0.671875 0.39104 0.712929 0.1317 0.4608 -0.8777
0.460938 0.117188 -0.703125 0.629829 0.732737 -0.0342 0.6159 -0.787
0.476562 0.101562 -0.71875 0.632494 0.737147 -0.0342 0.6159 -0.787
0.375 0.0625 -0.742188 0.61172 0.744275 -0.0342 0.6159 -0.787
-0.375 0.0625 -0.742188 0.427062 0.742272 0.0342 0.6159 -0.787
-0.476562 0.101562 -0.71875 0.406068 0.734492 0.0342 0.6159 -0.787
-0.460938 0.117188 -0.703125 0.408893 0.730041 0.0342 0.6159 -0.787
0.375 0.085938 -0.726562 0.612641 0.73844 0.3603 0.5836 -0.7277
0.375 0.0625 -0.742188 0.61172 0.744275 0.3603 0.5836 -0.7277
0.226562 0.109375 -0.78125 0.580734 0.73338 0.3603 0.5836 -0.7277
-0.226562 0.109375 -0.78125 0.458737 0.731951 -0.3603 0.5836 -0.7277
-0.375 0.0625 -0.742188 0.427062 0.742272 -0.3603 0.5836 -0.7277
-0.375 0.085938 -0.726562 0.426254 0.736307 -0.3603 0.5836 -0.7277
0.242188 0.125 -0.757812 0.585166 0.729009 0.4988 0.53 -0.6858
0.226562 0.109375 -0.78125 0.580734 0.73338 0.4988 0.53 -0.6858
0.1875 0.15625 -0.773438 0.571787 0.722705 0.4988 0.53 -0.6858
-0.1875 0.15625 -0.773438 0.46807 0.721383 -0.4988 0.53 -0.6858
-0.226562 0.109375 -0.78125 0.458737 0.731951 -0.4988 0.53 -0.6858
-0.242188 0.125 -0.757812 0.454369 0.727417 -0.4988 0.53 -0.6858
0.195312 0.296875 -0.757812 0.579548 0.69066 0.6667 -0.3333 -0.6667
0.179688 0.296875 -0.78125 0.573085 0.688614 0.6667 -0.3333 -0.6667
0.210938 0.375 -0.78125 0.584855 0.672292 0.6667 -0.3333 -0.6667
-0.210938 0.375 -0.78125 0.456477 0.670039 -0.6667 -0.3333 -0.6667
-0.179688 0.296875 -0.78125 0.46779 0.686919 -0.6667 -0.3333 -0.6667
-0.195312 0.296875 -0.757812 0.461204 0.688767 -0.6667 -0.3333 -0.6667
0.195312 0.226562 -0.75 0.577524 0.706224 0.8165 -0.0731 -0.5727
0.171875 0.21875 -0.78125 0.568351 0.707096 0.8165 -0.0731 -0.5727
0.179688 0.296875 -0.78125 0.573085 0.688614 0.8165 -0.0731 -0.5727
-0.179688 0.296875 -0.78125 0.46779 0.686919 -0.8165 -0.0731 -0.5727
-0.171875 0.21875 -0.78125 0.471978 0.705718 -0.8165 -0.0731 -0.5727
-0.195312 0.226562 -0.75 0.462754 0.704568 -0.8165 -0.0731 -0.5727
0.203125 0.171875 -0.75 0.578124 0.7181 0.784 0.1161 -0.6098
0.1875 0.15625 -0.773438 0.571787 0.722705 0.784 0.1161 -0.6098
0.171875 0.21875 -0.78125 0.568351 0.707096 0.784 0.1161 -0.6098
-0.171875 0.21875 -0.78125 0.471978 0.705718 -0.784 0.1161 -0.6098
-0.1875 0.15625 -0.773438 0.46807 0.721383 -0.784 0.1161 -0.6098
-0.203125 0.171875 -0.75 0.461798 0.716559 -0.784 0.1161 -0.6098
0.109375 0.460938 -0.609375 0.553209 0.566937 -0.5306 0.8111 0.2461
0.0625 0.492188 -0.75 0.553095 0.609488 -0.5306 0.8111 0.2461
0 0.429688 -0.742188 0.521923 0.613991 -0.5306 0.8111 0.2461
0 0.429688 -0.742188 0.521923 0.613991 0.5306 0.8111 0.2461
-0.0625 0.492188 -0.75 0.490934 0.608138 0.5306 0.8111 0.2461
-0.109375 0.460938 -0.609375 0.492809 0.565462 0.5306 0.8111 0.2461
0.195312 0.664062 -0.617188 0.609819 0.568484 -0.8511 0.3695 0.373
0.15625 0.71875 -0.757812 0.604826 0.602196 -0.8511 0.3695 0.373
0.0625 0.492188 -0.75 0.553095 0.609488 -0.8511 0.3695 0.373
-0.0625 0.492188 -0.75 0.490934 0.608138 0.8511 0.3695 0.373
-0.15625 0.71875 -0.757812 0.439252 0.59846 0.8511 0.3695 0.373
-0.195312 0.664062 -0.617188 0.43586 0.56426 0.8511 0.3695 0.373
0.335938 0.6875 -0.59375 0.648174 0.580684 -0.2446 0.8675 0.4331
0.320312 0.757812 -0.734375 0.626842 0.604208 -0.2446 0.8675 0.4331
0.15625 0.71875 -0.757812 0.604826 0.602196 -0.2446 0.8675 0.4331
-0.15625 0.71875 -0.757812 0.439252 0.59846 0.2446 0.8675 0.4331
-0.320312 0.757812 -0.734375 0.416915 0.599448 0.2446 0.8675 0.4331
-0.335938 0.6875 -0.59375 0.396518 0.574584 0.2446 0.8675 0.4331
0.484375 0.554688 -0.554688 0.692106 0.611726 0.5924 0.7465 0.303
0.492188 0.601562 -0.6875 0.662817 0.627479 0.5924 0.7465 0.303
0.320312 0.757812 -0.734375 0.626842 0.604208 0.5924 0.7465 0.303
-0.320312 0.757812 -0.734375 0.416915 0.599448 -0.5924 0.7465 0.303
-0.492188 0.601562 -0.6875 0.379297 0.621314 -0.5924 0.7465 0.303
-0.484375 0.554688 -0.554688 0.350292 0.603771 -0.5924 0.7465 0.303
0.679688 0.453125 -0.492188 0.726332 0.658246 0.3685 0.8758 0.3118
0.710938 0.484375 -0.625 0.697446 0.667327 0.3685 0.8758 0.3118
0.492188 0.601562 -0.6875 0.662817 0.627479 0.3685 0.8758 0.3118
-0.492188 0.601562 -0.6875 0.379297 0.621314 -0.3685 0.8758 0.3118
-0.710938 0.484375 -0.625 0.341964 0.660333 -0.3685 0.8758 0.3118
-0.679688 0.453125 -0.492188 0.312756 0.649412 -0.3685 0.8758 0.3118
0.796875 0.40625 -0.460938 0.735879 0.687888 0.2821 0.9151 0.288
0.859375 0.429688 -0.59375 0.707254 0.689946 0.2821 0.9151 0.288
0.710938 0.484375 -0.625 0.697446 0.667327 0.2821 0.9151 0.288
-0.710938 0.484375 -0.625 0.341964 0.660333 -0.2821 0.9151 0.288
-0.859375 0.429688 -0.59375 0.330721 0.683147 -0.2821 0.9151 0.288
-0.796875 0.40625 -0.460938 0.301067 0.679407 -0.2821 0.9151 0.288
0.773438 0.164062 -0.375 0.7299 0.743607 0.8561 0.134 0.4991
0.828125 0.148438 -0.445312 0.715342 0.734608 0.8561 0.134 0.4991
0.859375 0.429688 -0.59375 0.707254 0.689946 0.8561 0.134 0.4991
-0.859375 0.429688 -0.59375 0.330721 0.683147 -0.8561 0.134 0.4991
-0.828125 0.148438 -0.445312 0.320452 0.729697 -0.8561 0.134 0.4991
-0.773438 0.164062 -0.375 0.304876 0.738913 -0.8561 0.134 0.4991
0.601562 0 -0.414062 0.698172 0.783094 0.5342 -0.7233 0.4376
0.632812 -0.039062 -0.539062 0.676379 0.766759 0.5342 -0.7233 0.4376
0.828125 0.148438 -0.445312 0.715342 0.734608 0.5342 -0.7233 0.4376
-0.828125 0.148438 -0.445312 0.320452 0.729697 -0.5342 -0.7233 0.4376
-0.632812 -0.039062 -0.539062 0.360308 0.764101 -0.5342 -0.7233 0.4376
-0.601562 0 -0.414062 0.337414 0.780821 -0.5342 -0.7233 0.4376
0.4375 -0.09375 -0.46875 0.663103 0.809329 0.3849 -0.8131 0.4368
0.4375 -0.140625 -0.53125 0.647395 0.799498 0.3849 -0.8131 0.4368
0.632812 -0.039062 -0.539062 0.676379 0.766759 0.3849 -0.8131 0.4368
-0.632812 -0.039062 -0.539062 0.360308 0.764101 -0.3849 -0.8131 0.4368
-0.4375 -0.140625 -0.53125 0.389677 0.79811 -0.3849 -0.8131 0.4368
-0.4375 -0.09375 -0.46875 0.373474 0.808128 -0.3849 -0.8131 0.4368
0.179688 -0.414062 -0.257812 0.660451 0.923916 0.2335 -0.5806 0.78
0 -0.484375 -0.28125 0.649444 0.977622 0.2335 -0.5806 0.78
0 -0.570312 -0.320312 0.626908 0.984392 0.2335 -0.5806 0.78
0 -0.570312 -0.320312 0.411318 0.984869 -0.2335 -0.5806 0.78
0 -0.484375 -0.28125 0.388827 0.978414 -0.2335 -0.5806 0.78
-0.179688 -0.414062 -0.257812 0.376796 0.924704 -0.2335 -0.5806 0.78
0.125 -0.539062 -0.359375 0.62144 0.951911 0.2449 -0.0583 0.9678
0 -0.570312 -0.320312 0.626908 0.984392 0.2449 -0.0583 0.9678
0 -0.804688 -0.34375 0.56746 0.999856 0.2449 -0.0583 0.9678
0 -0.804688 -0.34375 0.470636 0.999856 -0.2449 -0.0583 0.9678
0 -0.570312 -0.320312 0.411318 0.984869 -0.2449 -0.0583 0.9678
-0.125 -0.539062 -0.359375 0.416419 0.952369 -0.2449 -0.0583 0.9678
0.140625 -0.757812 -0.367188 0.577206 0.967199 0.1163 -0.4535 0.8837
0 -0.804688 -0.34375 0.56746 0.999856 0.1163 -0.4535 0.8837
0 -0.976562 -0.460938 0.518922 0.975114 0.1163 -0.4535 0.8837
0 -0.976562 -0.460938 0.518922 0.975114 -0.1163 -0.4535 0.8837
0 -0.804688 -0.34375 0.470636 0.999856 -0.1163 -0.4535 0.8837
-0.140625 -0.757812 -0.367188 0.460782 0.967344 -0.1163 -0.4535 0.8837
0 -0.976562 -0.460938 0.518922 0.975114 0.1152 -0.9836 0.1388
0 -0.984375 -0.578125 0.518916 0.949706 0.1152 -0.9836 0.1388
0.179688 -0.96875 -0.554688 0.54026 0.946195 0.1152 -0.9836 0.1388
-0.179688 -0.96875 -0.554688 0.497626 0.94623 -0.1152 -0.9836 0.1388
0 -0.984375 -0.578125 0.518916 0.949706 -0.1152 -0.9836 0.1388
0 -0.976562 -0.460938 0.518922 0.975114 -0.1152 -0.9836 0.1388
0.164062 -0.945312 -0.4375 0.547413 0.958276 0.1184 -0.9669 0.226
0.179688 -0.96875 -0.554688 0.54026 0.946195 0.1184 -0.9669 0.226
0.328125 -0.945312 -0.523438 0.55193 0.941662 0.1184 -0.9669 0.226
-0.328125 -0.945312 -0.523438 0.485955 0.941727 -0.1184 -0.9669 0.226
-0.179688 -0.96875 -0.554688 0.497626 0.94623 -0.1184 -0.9669 0.226
-0.164062 -0.945312 -0.4375 0.490511 0.958331 -0.1184 -0.9669 0.226
0.328125 -0.914062 -0.398438 0.558059 0.946129 0.9597 -0.0085 0.2808
0.328125 -0.945312 -0.523438 0.55193 0.941662 0.9597 -0.0085 0.2808
0.367188 -0.890625 -0.53125 0.555073 0.9381 0.9597 -0.0085 0.2808
-0.367188 -0.890625 -0.53125 0.482805 0.938171 -0.9597 -0.0085 0.2808
-0.328125 -0.945312 -0.523438 0.485955 0.941727 -0.9597 -0.0085 0.2808
-0.328125 -0.914062 -0.398438 0.479842 0.946215 -0.9597 -0.0085 0.2808
0.289062 -0.710938 -0.382812 0.576951 0.942002 0.9319 0.1629 0.3242
0.367188 -0.890625 -0.53125 0.555073 0.9381 0.9319 0.1629 0.3242
0.351562 -0.695312 -0.570312 0.563812 0.923414 0.9319 0.1629 0.3242
-0.351562 -0.695312 -0.570312 0.474014 0.923489 -0.9319 0.1629 0.3242
-0.367188 -0.890625 -0.53125 0.482805 0.938171 -0.9319 0.1629 0.3242
-0.289062 -0.710938 -0.382812 0.46092 0.942155 -0.9319 0.1629 0.3242
0.125 -0.539062 -0.359375 0.62144 0.951911 0.1626 0.0207 0.9865
0.140625 -0.757812 -0.367188 0.577206 0.967199 0.1626 0.0207 0.9865
0.289062 -0.710938 -0.382812 0.576951 0.942002 0.1626 0.0207 0.9865
-0.289062 -0.710938 -0.382812 0.46092 0.942155 -0.1626 0.0207 0.9865
-0.140625 -0.757812 -0.367188 0.460782 0.967344 -0.1626 0.0207 0.9865
-0.125 -0.539062 -0.359375 0.416419 0.952369 -0.1626 0.0207 0.9865
0.164062 -0.945312 -0.4375 0.547413 0.958276 -0.0188 -0.2177 0.9758
0.328125 -0.914062 -0.398438 0.558059 0.946129 -0.0188 -0.2177 0.9758
0.289062 -0.710938 -0.382812 0.576951 0.942002 -0.0188 -0.2177 0.9758
-0.289062 -0.710938 -0.382812 0.46092 0.942155 0.0188 -0.2177 0.9758
-0.328125 -0.914062 -0.398438 0.479842 0.946215 0.0188 -0.2177 0.9758
-0.164062 -0.945312 -0.4375 0.490511 0.958331 0.0188 -0.2177 0.9758
0.125 -0.539062 -0.359375 0.62144 0.951911 0.7538 -0.2926 0.5884
0.25 -0.5 -0.390625 0.611687 0.921732 0.7538 -0.2926 0.5884
0.234375 -0.351562 -0.40625 0.626663 0.888643 0.7538 -0.2926 0.5884
-0.234375 -0.351562 -0.40625 0.410618 0.888756 -0.7538 -0.2926 0.5884
-0.25 -0.5 -0.390625 0.425932 0.922015 -0.7538 -0.2926 0.5884
-0.125 -0.539062 -0.359375 0.416419 0.952369 -0.7538 -0.2926 0.5884
0.25 -0.5 -0.390625 0.611687 0.921732 0.9196 0.1379 0.3678
0.351562 -0.695312 -0.570312 0.563812 0.923414 0.9196 0.1379 0.3678
0.3125 -0.4375 -0.570312 0.583135 0.891505 0.9196 0.1379 0.3678
-0.3125 -0.4375 -0.570312 0.454527 0.891519 -0.9196 0.1379 0.3678
-0.351562 -0.695312 -0.570312 0.474014 0.923489 -0.9196 0.1379 0.3678
-0.25 -0.5 -0.390625 0.425932 0.922015 -0.9196 0.1379 0.3678
0.210938 -0.226562 -0.46875 0.623495 0.853204 0.9297 0.3127 0.1944
0.21875 -0.28125 -0.429688 0.629482 0.869544 0.9297 0.3127 0.1944
0.257812 -0.3125 -0.554688 0.596138 0.866574 0.9297 0.3127 0.1944
-0.257812 -0.3125 -0.554688 0.441395 0.866408 -0.9297 0.3127 0.1944
-0.21875 -0.28125 -0.429688 0.407648 0.869406 -0.9297 0.3127 0.1944
-0.210938 -0.226562 -0.46875 0.413741 0.852842 -0.9297 0.3127 0.1944
0.21875 -0.28125 -0.429688 0.629482 0.869544 0.912 0.3376 0.2329
0.234375 -0.351562 -0.40625 0.626663 0.888643 0.912 0.3376 0.2329
0.3125 -0.4375 -0.570312 0.583135 0.891505 0.912 0.3376 0.2329
-0.3125 -0.4375 -0.570312 0.454527 0.891519 -0.912 0.3376 0.2329
-0.234375 -0.351562 -0.40625 0.410618 0.888756 -0.912 0.3376 0.2329
-0.21875 -0.28125 -0.429688 0.407648 0.869406 -0.912 0.3376 0.2329
0.210938 -0.226562 -0.46875 0.623495 0.853204 0.9407 0.3338 0.0607
0.234375 -0.25 -0.554688 0.601169 0.852115 0.9407 0.3338 0.0607
0.203125 -0.1875 -0.5625 0.605512 0.834866 0.9407 0.3338 0.0607
-0.203125 -0.1875 -0.5625 0.432024 0.834356 -0.9407 0.3338 0.0607
-0.234375 -0.25 -0.554688 0.436337 0.851806 -0.9407 0.3338 0.0607
-0.210938 -0.226562 -0.46875 0.413741 0.852842 -0.9407 0.3338 0.0607
0.4375 -0.09375 -0.46875 0.663103 0.809329 0.1761 -0.8805 0.4402
0.203125 -0.171875 -0.5 0.619303 0.840159 0.1761 -0.8805 0.4402
0.203125 -0.1875 -0.5625 0.605512 0.834866 0.1761 -0.8805 0.4402
-0.203125 -0.1875 -0.5625 0.432024 0.834356 -0.1761 -0.8805 0.4402
-0.203125 -0.171875 -0.5 0.418035 0.839639 -0.1761 -0.8805 0.4402
-0.4375 -0.09375 -0.46875 0.373474 0.808128 -0.1761 -0.8805 0.4402
0.34375 -0.148438 0.539062 0.849114 0.900268 0.3708 -0.4733 0.7991
0.335938 0.054688 0.664062 0.886245 0.878223 0.3708 -0.4733 0.7991
0 0.070312 0.828125 0.9459 0.920431 0.3708 -0.4733 0.7991
0 0.070312 0.828125 0.078961 0.939281 -0.3708 -0.4733 0.7991
-0.335938 0.054688 0.664062 0.141314 0.887518 -0.3708 -0.4733 0.7991
-0.34375 -0.148438 0.539062 0.183115 0.907873 -0.3708 -0.4733 0.7991
0.296875 -0.3125 0.265625 0.788458 0.919174 0.3107 -0.8284 0.466
0.34375 -0.148438 0.539062 0.849114 0.900268 0.3107 -0.8284 0.466
0 -0.195312 0.671875 0.89178 0.963084 0.3107 -0.8284 0.466
0 -0.195312 0.671875 0.142277 0.978533 -0.3107 -0.8284 0.466
-0.34375 -0.148438 0.539062 0.183115 0.907873 -0.3107 -0.8284 0.466
-0.296875 -0.3125 0.265625 0.246353 0.92349 -0.3107 -0.8284 0.466
0.210938 -0.390625 -0.164062 0.687018 0.922796 0.2793 -0.9515 0.1287
0.296875 -0.3125 0.265625 0.788458 0.919174 0.2793 -0.9515 0.1287
0 -0.382812 0.351562 0.805584 0.989214 0.2793 -0.9515 0.1287
0 -0.382812 0.351562 0.232648 0.996516 -0.2793 -0.9515 0.1287
-0.296875 -0.3125 0.265625 0.246353 0.92349 -0.2793 -0.9515 0.1287
-0.210938 -0.390625 -0.164062 0.349875 0.924045 -0.2793 -0.9515 0.1287
0.179688 -0.414062 -0.257812 0.660451 0.923916 0.3139 -0.9321 0.1807
0.210938 -0.390625 -0.164062 0.687018 0.922796 0.3139 -0.9321 0.1807
0 -0.460938 -0.1875 0.672384 0.977799 0.3139 -0.9321 0.1807
0 -0.460938 -0.1875 0.365979 0.979009 -0.3139 -0.9321 0.1807
-0.210938 -0.390625 -0.164062 0.349875 0.924045 -0.3139 -0.9321 0.1807
-0.179688 -0.414062 -0.257812 0.376796 0.924704 -0.3139 -0.9321 0.1807
0.210938 -0.390625 -0.164062 0.687018 0.922796 0.9762 -0.2083 0.0609
0.179688 -0.414062 -0.257812 0.660451 0.923916 0.9762 -0.2083 0.0609
0.234375 -0.351562 -0.40625 0.626663 0.888643 0.9762 -0.2083 0.0609
-0.234375 -0.351562 -0.40625 0.410618 0.888756 -0.9762 -0.2083 0.0609
-0.179688 -0.414062 -0.257812 0.376796 0.924704 -0.9762 -0.2083 0.0609
-0.210938 -0.390625 -0.164062 0.349875 0.924045 -0.9762 -0.2083 0.0609
0.734375 -0.046875 -0.070312 0.760215 0.806756 0.8267 -0.5066 -0.2447
0.601562 0 -0.414062 0.698172 0.783094 0.8267 -0.5066 -0.2447
0.773438 0.164062 -0.375 0.7299 0.743607 0.8267 -0.5066 -0.2447
-0.773438 0.164062 -0.375 0.304876 0.738913 -0.8267 -0.5066 -0.2447
-0.601562 0 -0.414062 0.337414 0.780821 -0.8267 -0.5066 -0.2447
-0.734375 -0.046875 -0.070312 0.271553 0.806129 -0.8267 -0.5066 -0.2447
0.335938 0.054688 0.664062 0.886245 0.878223 0.3449 -0.1158 0.9315
0.460938 0.4375 0.703125 0.909112 0.816739 0.3449 -0.1158 0.9315
0 0.5625 0.851562 0.994525 0.832295 0.3449 -0.1158 0.9315
0 0.5625 0.851562 0.011829 0.844633 -0.3449 -0.1158 0.9315
-0.460938 0.4375 0.703125 0.107928 0.820917 -0.3449 -0.1158 0.9315
-0.335938 0.054688 0.664062 0.141314 0.887518 -0.3449 -0.1158 0.9315
0.453125 0.929688 0.070312 0.894128 0.698116 0.1203 0.9644 -0.2355
0.453125 0.851562 -0.234375 0.862868 0.661444 0.1203 0.9644 -0.2355
0 0.898438 -0.289062 0.911671 0.597571 0.1203 0.9644 -0.2355
0 0.898438 -0.289062 0.1064 0.567348 -0.1203 0.9644 -0.2355
-0.453125 0.851562 -0.234375 0.160557 0.643179 -0.1203 0.9644 -0.2355
-0.453125 0.929688 0.070312 0.123776 0.684481 -0.1203 0.9644 -0.2355
0.453125 0.867188 0.382812 0.91536 0.740196 0.1275 0.9744 0.1851
0.453125 0.929688 0.070312 0.894128 0.698116 0.1275 0.9744 0.1851
0 0.984375 0.078125 0.962901 0.655248 0.1275 0.9744 0.1851
0 0.984375 0.078125 0.043968 0.632962 -0.1275 0.9744 0.1851
-0.453125 0.929688 0.070312 0.123776 0.684481 -0.1275 0.9744 0.1851
-0.453125 0.867188 0.382812 0.098965 0.733032 -0.1275 0.9744 0.1851
0.460938 0.4375 0.703125 0.909112 0.816739 0.3492 0.5947 0.7241
0.453125 0.867188 0.382812 0.91536 0.740196 0.3492 0.5947 0.7241
0 0.898438 0.546875 0.999856 0.74536 0.3492 0.5947 0.7241
0 0.898438 0.546875 0.000144 0.740887 -0.3492 0.5947 0.7241
-0.453125 0.867188 0.382812 0.098965 0.733032 -0.3492 0.5947 0.7241
-0.460938 0.4375 0.703125 0.107928 0.820917 -0.3492 0.5947 0.7241
0.726562 0.40625 -0.335938 0.766337 0.699191 0.4153 0.8981 0.1449
0.796875 0.40625 -0.460938 0.735879 0.687888 0.4153 0.8981 0.1449
0.679688 0.453125 -0.492188 0.749542 0.665317 0.4153 0.8981 0.1449
-0.679688 0.453125 -0.492188 0.288183 0.653504 -0.4153 0.8981 0.1449
-0.796875 0.40625 -0.460938 0.301067 0.679407 -0.4153 0.8981 0.1449
-0.726562 0.40625 -0.335938 0.267408 0.689858 -0.4153 0.8981 0.1449
0.796875 0.5625 -0.125 0.815314 0.723612 0.1845 0.7036 -0.6863
0.726562 0.40625 -0.335938 0.766337 0.699191 0.1845 0.7036 -0.6863
0.632812 0.453125 -0.28125 0.789162 0.686273 0.1845 0.7036 -0.6863
-0.632812 0.453125 -0.28125 0.242992 0.674448 -0.1845 0.7036 -0.6863
-0.726562 0.40625 -0.335938 0.267408 0.689858 -0.1845 0.7036 -0.6863
-0.796875 0.5625 -0.125 0.213065 0.714836 -0.1845 0.7036 -0.6863
0.796875 0.617188 0.117188 0.845007 0.743648 0.6056 0.7794 -0.1608
0.796875 0.5625 -0.125 0.815314 0.723612 0.6056 0.7794 -0.1608
0.640625 0.703125 -0.054688 0.846174 0.706603 0.6056 0.7794 -0.1608
-0.640625 0.703125 -0.054688 0.178537 0.695017 -0.6056 0.7794 -0.1608
-0.796875 0.5625 -0.125 0.213065 0.714836 -0.6056 0.7794 -0.1608
-0.796875 0.617188 0.117188 0.179662 0.736688 -0.6056 0.7794 -0.1608
0.796875 0.539062 0.359375 0.859075 0.771832 0.7033 0.6806 0.2053
0.796875 0.617188 0.117188 0.845007 0.743648 0.7033 0.6806 0.2053
0.640625 0.75 0.195312 0.873517 0.734078 0.7033 0.6806 0.2053
-0.640625 0.75 0.195312 0.147089 0.725716 -0.7033 0.6806 0.2053
-0.796875 0.617188 0.117188 0.179662 0.736688 -0.7033 0.6806 0.2053
-0.796875 0.539062 0.359375 0.162803 0.76828 -0.7033 0.6806 0.2053
0.640625 0.679688 0.445312 0.886999 0.766231 0.6679 0.2007 0.7166
0.617188 0.328125 0.585938 0.87503 0.815295 0.6679 0.2007 0.7166
0.773438 0.265625 0.4375 0.842355 0.80484 0.6679 0.2007 0.7166
-0.773438 0.265625 0.4375 0.176788 0.803821 -0.6679 0.2007 0.7166
-0.617188 0.328125 0.585938 0.145224 0.817251 -0.6679 0.2007 0.7166
-0.640625 0.679688 0.445312 0.131514 0.762413 -0.6679 0.2007 0.7166
0.640625 0.679688 0.445312 0.886999 0.766231 0.4948 0.4342 0.7528
0.453125 0.867188 0.382812 0.91536 0.740196 0.4948 0.4342 0.7528
0.460938 0.4375 0.703125 0.909112 0.816739 0.4948 0.4342 0.7528
-0.460938 0.4375 0.703125 0.107928 0.820917 -0.4948 0.4342 0.7528
-0.453125 0.867188 0.382812 0.098965 0.733032 -0.4948 0.4342 0.7528
-0.640625 0.679688 0.445312 0.131514 0.762413 -0.4948 0.4342 0.7528
0.640625 0.75 0.195312 0.873517 0.734078 0.6423 0.7459 0.1761
0.453125 0.929688 0.070312 0.894128 0.698116 0.6423 0.7459 0.1761
0.453125 0.867188 0.382812 0.91536 0.740196 0.6423 0.7459 0.1761
-0.453125 0.867188 0.382812 0.098965 0.733032 -0.6423 0.7459 0.1761
-0.453125 0.929688 0.070312 0.123776 0.684481 -0.6423 0.7459 0.1761
-0.640625 0.75 0.195312 0.147089 0.725716 -0.6423 0.7459 0.1761
0.640625 0.703125 -0.054688 0.846174 0.706603 0.7182 0.6788 -0.153
0.453125 0.851562 -0.234375 0.862868 0.661444 0.7182 0.6788 -0.153
0.453125 0.929688 0.070312 0.894128 0.698116 0.7182 0.6788 -0.153
-0.453125 0.929688 0.070312 0.123776 0.684481 -0.7182 0.6788 -0.153
-0.453125 0.851562 -0.234375 0.160557 0.643179 -0.7182 0.6788 -0.153
-0.640625 0.703125 -0.054688 0.178537 0.695017 -0.7182 0.6788 -0.153
0.632812 0.453125 -0.28125 0.789162 0.686273 0.7388 0.3972 -0.5444
0.460938 0.523438 -0.429688 0.794286 0.635938 0.7388 0.3972 -0.5444
0.453125 0.851562 -0.234375 0.862868 0.661444 0.7388 0.3972 -0.5444
-0.453125 0.851562 -0.234375 0.160557 0.643179 -0.7388 0.3972 -0.5444
-0.460938 0.523438 -0.429688 0.239776 0.617408 -0.7388 0.3972 -0.5444
-0.632812 0.453125 -0.28125 0.242992 0.674448 -0.7388 0.3972 -0.5444
0.632812 0.453125 -0.28125 0.789162 0.686273 0.3428 0.9261 0.1579
0.679688 0.453125 -0.492188 0.749542 0.665317 0.3428 0.9261 0.1579
0.484375 0.554688 -0.554688 0.770185 0.620462 0.3428 0.9261 0.1579
-0.484375 0.554688 -0.554688 0.268122 0.601263 -0.3428 0.9261 0.1579
-0.679688 0.453125 -0.492188 0.288183 0.653504 -0.3428 0.9261 0.1579
-0.632812 0.453125 -0.28125 0.242992 0.674448 -0.3428 0.9261 0.1579
0.453125 0.851562 -0.234375 0.862868 0.661444 0.227 0.574 -0.7867
0.460938 0.523438 -0.429688 0.794286 0.635938 0.227 0.574 -0.7867
0 0.570312 -0.570312 0.845499 0.550033 0.227 0.574 -0.7867
0 0.570312 -0.570312 0.185281 0.515901 -0.227 0.574 -0.7867
-0.460938 0.523438 -0.429688 0.239776 0.617408 -0.227 0.574 -0.7867
-0.453125 0.851562 -0.234375 0.160557 0.643179 -0.227 0.574 -0.7867
0.335938 0.6875 -0.59375 0.7557 0.581397 -0.1722 0.1046 0.9795
0.195312 0.664062 -0.617188 0.770572 0.555739 -0.1722 0.1046 0.9795
0.109375 0.460938 -0.609375 0.815858 0.554619 -0.1722 0.1046 0.9795
-0.109375 0.460938 -0.609375 0.21926 0.522814 0.1722 0.1046 0.9795
-0.195312 0.664062 -0.617188 0.271364 0.526684 0.1722 0.1046 0.9795
-0.335938 0.6875 -0.59375 0.287033 0.557088 0.1722 0.1046 0.9795
0.460938 0.523438 -0.429688 0.794286 0.635938 0.0425 0.915 -0.4013
0.484375 0.554688 -0.554688 0.770185 0.620462 0.0425 0.915 -0.4013
0.109375 0.460938 -0.609375 0.815858 0.554619 0.0425 0.915 -0.4013
-0.109375 0.460938 -0.609375 0.21926 0.522814 -0.0425 0.915 -0.4013
-0.484375 0.554688 -0.554688 0.268122 0.601263 -0.0425 0.915 -0.4013
-0.460938 0.523438 -0.429688 0.239776 0.617408 -0.0425 0.915 -0.4013
0 0.570312 -0.570312 0.845499 0.550033 -0.1616 0.1847 -0.9694
0.109375 0.460938 -0.609375 0.815858 0.554619 -0.1616 0.1847 -0.9694
0 0.40625 -0.601562 0.819845 0.531929 -0.1616 0.1847 -0.9694
0 0.40625 -0.601562 0.215894 0.496395 0.1616 0.1847 -0.9694
-0.109375 0.460938 -0.609375 0.21926 0.522814 0.1616 0.1847 -0.9694
0 0.570312 -0.570312 0.185281 0.515901 0.1616 0.1847 -0.9694
0.851562 0.234375 -0.054688 0.789046 0.766677 0.9791 0.1973 -0.0483
0.773438 0.164062 -0.375 0.7299 0.743607 0.9791 0.1973 -0.0483
0.796875 0.40625 -0.460938 0.735879 0.687888 0.9791 0.1973 -0.0483
-0.796875 0.40625 -0.460938 0.301067 0.679407 -0.9791 0.1973 -0.0483
-0.773438 0.164062 -0.375 0.304876 0.738913 -0.9791 0.1973 -0.0483
-0.851562 0.234375 -0.054688 0.241255 0.763023 -0.9791 0.1973 -0.0483
0.796875 0.5625 -0.125 0.815314 0.723612 0.947 0.0918 -0.3079
0.859375 0.320312 0.046875 0.809631 0.766113 0.947 0.0918 -0.3079
0.851562 0.234375 -0.054688 0.789046 0.766677 0.947 0.0918 -0.3079
-0.851562 0.234375 -0.054688 0.241255 0.763023 -0.947 0.0918 -0.3079
-0.859375 0.320312 0.046875 0.219168 0.762612 -0.947 0.0918 -0.3079
-0.796875 0.5625 -0.125 0.213065 0.714836 -0.947 0.0918 -0.3079
0.796875 0.617188 0.117188 0.845007 0.743648 0.9794 0.1905 0.0661
0.820312 0.328125 0.203125 0.829287 0.780438 0.9794 0.1905 0.0661
0.859375 0.320312 0.046875 0.809631 0.766113 0.9794 0.1905 0.0661
-0.859375 0.320312 0.046875 0.219168 0.762612 -0.9794 0.1905 0.0661
-0.820312 0.328125 0.203125 0.199067 0.777536 -0.9794 0.1905 0.0661
-0.796875 0.617188 0.117188 0.179662 0.736688 -0.9794 0.1905 0.0661
0.796875 0.617188 0.117188 0.845007 0.743648 0.9938 0.0312 0.107
0.796875 0.539062 0.359375 0.859075 0.771832 0.9938 0.0312 0.107
0.773438 0.265625 0.4375 0.842355 0.80484 0.9938 0.0312 0.107
-0.773438 0.265625 0.4375 0.176788 0.803821 -0.9938 0.0312 0.107
-0.796875 0.539062 0.359375 0.162803 0.76828 -0.9938 0.0312 0.107
-0.796875 0.617188 0.117188 0.179662 0.736688 -0.9938 0.0312 0.107
0.429688 -0.195312 0.210938 0.78648 0.882409 0.7116 -0.7008 -0.0501
0.296875 -0.3125 0.265625 0.788458 0.919174 0.7116 -0.7008 -0.0501
0.210938 -0.390625 -0.164062 0.687018 0.922796 0.7116 -0.7008 -0.0501
-0.210938 -0.390625 -0.164062 0.349875 0.924045 -0.7116 -0.7008 -0.0501
-0.296875 -0.3125 0.265625 0.246353 0.92349 -0.7116 -0.7008 -0.0501
-0.429688 -0.195312 0.210938 0.246666 0.88515 -0.7116 -0.7008 -0.0501
0.429688 -0.195312 0.210938 0.78648 0.882409 0.3722 -0.9243 -0.0847
0.40625 -0.171875 -0.148438 0.715482 0.860273 0.3722 -0.9243 -0.0847
0.734375 -0.046875 -0.070312 0.760215 0.806756 0.3722 -0.9243 -0.0847
-0.734375 -0.046875 -0.070312 0.271553 0.806129 -0.3722 -0.9243 -0.0847
-0.40625 -0.171875 -0.148438 0.319538 0.860591 -0.3722 -0.9243 -0.0847
-0.429688 -0.195312 0.210938 0.246666 0.88515 -0.3722 -0.9243 -0.0847
0.40625 -0.171875 -0.148438 0.715482 0.860273 0.4465 -0.8644 -0.231
0.4375 -0.09375 -0.46875 0.663103 0.809329 0.4465 -0.8644 -0.231
0.601562 0 -0.414062 0.698172 0.783094 0.4465 -0.8644 -0.231
-0.601562 0 -0.414062 0.337414 0.780821 -0.4465 -0.8644 -0.231
-0.4375 -0.09375 -0.46875 0.373474 0.808128 -0.4465 -0.8644 -0.231
-0.40625 -0.171875 -0.148438 0.319538 0.860591 -0.4465 -0.8644 -0.231
0.21875 -0.28125 -0.429688 0.629482 0.869544 0.6066 -0.7578 -0.2405
0.210938 -0.226562 -0.46875 0.623495 0.853204 0.6066 -0.7578 -0.2405
0.4375 -0.09375 -0.46875 0.663103 0.809329 0.6066 -0.7578 -0.2405
-0.4375 -0.09375 -0.46875 0.373474 0.808128 -0.6066 -0.7578 -0.2405
-0.210938 -0.226562 -0.46875 0.413741 0.852842 -0.6066 -0.7578 -0.2405
-0.21875 -0.28125 -0.429688 0.407648 0.869406 -0.6066 -0.7578 -0.2405
0.40625 -0.171875 -0.148438 0.715482 0.860273 0.7325 -0.6368 -0.2407
0.210938 -0.390625 -0.164062 0.687018 0.922796 0.7325 -0.6368 -0.2407
0.21875 -0.28125 -0.429688 0.629482 0.869544 0.7325 -0.6368 -0.2407
-0.21875 -0.28125 -0.429688 0.407648 0.869406 -0.7325 -0.6368 -0.2407
-0.210938 -0.390625 -0.164062 0.349875 0.924045 -0.7325 -0.6368 -0.2407
-0.40625 -0.171875 -0.148438 0.319538 0.860591 -0.7325 -0.6368 -0.2407
0.210938 -0.226562 -0.46875 0.623495 0.853204 0.2637 -0.4499 -0.8533
0.203125 -0.171875 -0.5 0.619303 0.840159 0.2637 -0.4499 -0.8533
0.4375 -0.09375 -0.46875 0.663103 0.809329 0.2637 -0.4499 -0.8533
-0.4375 -0.09375 -0.46875 0.373474 0.808128 -0.2637 -0.4499 -0.8533
-0.203125 -0.171875 -0.5 0.418035 0.839639 -0.2637 -0.4499 -0.8533
-0.210938 -0.226562 -0.46875 0.413741 0.852842 -0.2637 -0.4499 -0.8533
0.484375 0.023438 0.546875 0.858171 0.862225 0.5568 -0.3181 0.7673
0.640625 -0.007812 0.429688 0.837382 0.843639 0.5568 -0.3181 0.7673
0.773438 0.265625 0.4375 0.842355 0.80484 0.5568 -0.3181 0.7673
-0.773438 0.265625 0.4375 0.176788 0.803821 -0.5568 -0.3181 0.7673
-0.640625 -0.007812 0.429688 0.196622 0.844759 -0.5568 -0.3181 0.7673
-0.484375 0.023438 0.546875 0.171653 0.867706 -0.5568 -0.3181 0.7673
0.484375 0.023438 0.546875 0.858171 0.862225 0.5004 -0.2807 0.819
0.617188 0.328125 0.585938 0.87503 0.815295 0.5004 -0.2807 0.819
0.460938 0.4375 0.703125 0.909112 0.816739 0.5004 -0.2807 0.819
-0.460938 0.4375 0.703125 0.107928 0.820917 -0.5004 -0.2807 0.819
-0.617188 0.328125 0.585938 0.145224 0.817251 -0.5004 -0.2807 0.819
-0.484375 0.023438 0.546875 0.171653 0.867706 -0.5004 -0.2807 0.819
0.484375 0.023438 0.546875 0.858171 0.862225 0.319 -0.8494 0.4205
0.429688 -0.195312 0.210938 0.78648 0.882409 0.319 -0.8494 0.4205
0.59375 -0.125 0.164062 0.785486 0.84767 0.319 -0.8494 0.4205
-0.59375 -0.125 0.164062 0.245969 0.848998 -0.319 -0.8494 0.4205
-0.429688 -0.195312 0.210938 0.246666 0.88515 -0.319 -0.8494 0.4205
-0.484375 0.023438 0.546875 0.171653 0.867706 -0.319 -0.8494 0.4205
0.484375 0.023438 0.546875 0.858171 0.862225 0.7198 -0.6356 0.2793
0.34375 -0.148438 0.539062 0.849114 0.900268 0.7198 -0.6356 0.2793
0.296875 -0.3125 0.265625 0.788458 0.919174 0.7198 -0.6356 0.2793
-0.296875 -0.3125 0.265625 0.246353 0.92349 -0.7198 -0.6356 0.2793
-0.34375 -0.148438 0.539062 0.183115 0.907873 -0.7198 -0.6356 0.2793
-0.484375 0.023438 0.546875 0.171653 0.867706 -0.7198 -0.6356 0.2793
0.34375 -0.148438 0.539062 0.849114 0.900268 0.4972 -0.4408 0.7473
0.484375 0.023438 0.546875 0.858171 0.862225 0.4972 -0.4408 0.7473
0.335938 0.054688 0.664062 0.886245 0.878223 0.4972 -0.4408 0.7473
-0.335938 0.054688 0.664062 0.141314 0.887518 -0.4972 -0.4408 0.7473
-0.484375 0.023438 0.546875 0.171653 0.867706 -0.4972 -0.4408 0.7473
-0.34375 -0.148438 0.539062 0.183115 0.907873 -0.4972 -0.4408 0.7473
0.921875 0.359375 0.21875 0.438797 0.129771 0.3506 0.3807 -0.8557
0.890625 0.40625 0.234375 0.432388 0.105057 0.3506 0.3807 -0.8557
1.02344 0.476562 0.3125 0.506166 0.095149 0.3506 0.3807 -0.8557
-1.02344 0.476562 0.3125 0.247207 0.098841 -0.3506 0.3807 -0.8557
-0.890625 0.40625 0.234375 0.321637 0.106775 -0.3506 0.3807 -0.8557
-0.921875 0.359375 0.21875 0.315867 0.131791 -0.3506 0.3807 -0.8557
1.1875 0.4375 0.390625 0.572792 0.139516 0.4566 0.1715 -0.873
1.01562 0.414062 0.289062 0.491058 0.118286 0.4566 0.1715 -0.873
1.02344 0.476562 0.3125 0.506166 0.095149 0.4566 0.1715 -0.873
-1.02344 0.476562 0.3125 0.247207 0.098841 -0.4566 0.1715 -0.873
-1.01562 0.414062 0.289062 0.263032 0.121679 -0.4566 0.1715 -0.873
-1.1875 0.4375 0.390625 0.181486 0.145307 -0.4566 0.1715 -0.873
1.26562 0.289062 0.40625 0.586396 0.206023 0.2583 0.1055 -0.9603
1.1875 0.4375 0.390625 0.572792 0.139516 0.2583 0.1055 -0.9603
1.23438 0.507812 0.421875 0.604825 0.120054 0.2583 0.1055 -0.9603
-1.23438 0.507812 0.421875 0.148729 0.126651 -0.2583 0.1055 -0.9603
-1.1875 0.4375 0.390625 0.181486 0.145307 -0.2583 0.1055 -0.9603
-1.26562 0.289062 0.40625 0.169745 0.212526 -0.2583 0.1055 -0.9603
1.21094 0.078125 0.40625 0.549027 0.253588 0.2455 -0.0802 -0.9661
1.26562 0.289062 0.40625 0.586396 0.206023 0.2455 -0.0802 -0.9661
1.35156 0.320312 0.421875 0.619962 0.208385 0.2455 -0.0802 -0.9661
-1.35156 0.320312 0.421875 0.136063 0.215907 -0.2455 -0.0802 -0.9661
-1.26562 0.289062 0.40625 0.169745 0.212526 -0.2455 -0.0802 -0.9661
-1.21094 0.078125 0.40625 0.208656 0.259121 -0.2455 -0.0802 -0.9661
1.03125 -0.039062 0.304688 0.500314 0.288271 0.4643 -0.0599 -0.8837
1.21094 0.078125 0.40625 0.549027 0.253588 0.4643 -0.0599 -0.8837
1.28125 0.054688 0.429688 0.563786 0.260789 0.4643 -0.0599 -0.8837
-1.28125 0.054688 0.429688 0.194086 0.266759 -0.4643 -0.0599 -0.8837
-1.21094 0.078125 0.40625 0.208656 0.259121 -0.4643 -0.0599 -0.8837
-1.03125 -0.039062 0.304688 0.258399 0.292503 -0.4643 -0.0599 -0.8837
0.828125 -0.070312 0.132812 0.438641 0.319317 0.6225 -0.3045 -0.721
1.03125 -0.039062 0.304688 0.500314 0.288271 0.6225 -0.3045 -0.721
1.03906 -0.101562 0.328125 0.50827 0.302307 0.6225 -0.3045 -0.721
-1.03906 -0.101562 0.328125 0.250811 0.306751 -0.6225 -0.3045 -0.721
-1.03125 -0.039062 0.304688 0.258399 0.292503 -0.6225 -0.3045 -0.721
-0.828125 -0.070312 0.132812 0.320962 0.322041 -0.6225 -0.3045 -0.721
0.882812 -0.023438 0.210938 0.452955 0.299977 0.45 0.659 -0.6027
1.03906 0 0.367188 0.505666 0.269056 0.45 0.659 -0.6027
1.03125 -0.039062 0.304688 0.500314 0.288271 0.45 0.659 -0.6027
-1.03125 -0.039062 0.304688 0.258399 0.292503 -0.45 0.659 -0.6027
-1.03906 0 0.367188 0.252524 0.273408 -0.45 0.659 -0.6027
-0.882812 -0.023438 0.210938 0.306136 0.303024 -0.45 0.659 -0.6027
1.03906 0 0.367188 0.505666 0.269056 -0.2667 0.8309 -0.4884
1.1875 0.09375 0.445312 0.54285 0.244247 -0.2667 0.8309 -0.4884
1.21094 0.078125 0.40625 0.549027 0.253588 -0.2667 0.8309 -0.4884
-1.21094 0.078125 0.40625 0.208656 0.259121 0.2667 0.8309 -0.4884
-1.1875 0.09375 0.445312 0.214575 0.249586 0.2667 0.8309 -0.4884
-1.03906 0 0.367188 0.252524 0.273408 0.2667 0.8309 -0.4884
1.1875 0.09375 0.445312 0.54285 0.244247 -0.8284 0.2291 -0.5111
1.23438 0.25 0.445312 0.568148 0.212633 -0.8284 0.2291 -0.5111
1.26562 0.289062 0.40625 0.586396 0.206023 -0.8284 0.2291 -0.5111
-1.26562 0.289062 0.40625 0.169745 0.212526 0.8284 0.2291 -0.5111
-1.23438 0.25 0.445312 0.188269 0.218625 0.8284 0.2291 -0.5111
-1.1875 0.09375 0.445312 0.214575 0.249586 0.8284 0.2291 -0.5111
1.23438 0.25 0.445312 0.568148 0.212633 -0.5251 -0.3566 -0.7727
1.17188 0.359375 0.4375 0.555495 0.173648 -0.5251 -0.3566 -0.7727
1.1875 0.4375 0.390625 0.572792 0.139516 -0.5251 -0.3566 -0.7727
-1.1875 0.4375 0.390625 0.181486 0.145307 0.5251 -0.3566 -0.7727
-1.17188 0.359375 0.4375 0.19985 0.179111 0.5251 -0.3566 -0.7727
-1.23438 0.25 0.445312 0.188269 0.218625 0.5251 -0.3566 -0.7727
1.17188 0.359375 0.4375 0.555495 0.173648 0.4546 -0.5665 -0.6873
1.02344 0.34375 0.359375 0.501231 0.155644 0.4546 -0.5665 -0.6873
1.01562 0.414062 0.289062 0.491058 0.118286 0.4546 -0.5665 -0.6873
-1.01562 0.414062 0.289062 0.263032 0.121679 -0.4546 -0.5665 -0.6873
-1.02344 0.34375 0.359375 0.253846 0.159498 -0.4546 -0.5665 -0.6873
-1.17188 0.359375 0.4375 0.19985 0.179111 -0.4546 -0.5665 -0.6873
0.945312 0.304688 0.289062 0.457832 0.15996 0.6996 -0.4497 -0.5552
0.921875 0.359375 0.21875 0.438797 0.129771 0.6996 -0.4497 -0.5552
1.01562 0.414062 0.289062 0.491058 0.118286 0.6996 -0.4497 -0.5552
-1.01562 0.414062 0.289062 0.263032 0.121679 -0.6996 -0.4497 -0.5552
-0.921875 0.359375 0.21875 0.315867 0.131791 -0.6996 -0.4497 -0.5552
-0.945312 0.304688 0.289062 0.297562 0.162642 -0.6996 -0.4497 -0.5552
0.71875 -0.023438 0.171875 0.796021 0.823031 0.722 -0.6827 0.1126
0.59375 -0.125 0.164062 0.785486 0.84767 0.722 -0.6827 0.1126
0.734375 -0.046875 -0.070312 0.760215 0.806756 0.722 -0.6827 0.1126
-0.734375 -0.046875 -0.070312 0.271553 0.806129 -0.722 -0.6827 0.1126
-0.59375 -0.125 0.164062 0.245969 0.848998 -0.722 -0.6827 0.1126
-0.71875 -0.023438 0.171875 0.233625 0.82438 -0.722 -0.6827 0.1126
0.828125 -0.070312 0.132812 0.438641 0.319317 -0.1919 0.286 -0.9388
0.773438 -0.140625 0.125 0.434803 0.341118 -0.1919 0.286 -0.9388
0.59375 -0.125 0.164062 0.391039 0.388109 -0.1919 0.286 -0.9388
-0.59375 -0.125 0.164062 0.369913 0.389804 0.1919 0.286 -0.9388
-0.773438 -0.140625 0.125 0.325318 0.343776 0.1919 0.286 -0.9388
-0.828125 -0.070312 0.132812 0.320962 0.322041 0.1919 0.286 -0.9388
0.726562 0 0.070312 0.783193 0.812551 0.9048 -0.3734 0.2047
0.734375 -0.046875 -0.070312 0.760215 0.806756 0.9048 -0.3734 0.2047
0.851562 0.234375 -0.054688 0.789046 0.766677 0.9048 -0.3734 0.2047
-0.851562 0.234375 -0.054688 0.241255 0.763023 -0.9048 -0.3734 0.2047
-0.734375 -0.046875 -0.070312 0.271553 0.806129 -0.9048 -0.3734 0.2047
-0.726562 0 0.070312 0.246955 0.812925 -0.9048 -0.3734 0.2047
0.921875 0.359375 0.21875 0.438797 0.129771 0.1034 0.1551 -0.9825
0.84375 0.289062 0.210938 0.401605 0.15854 0.1034 0.1551 -0.9825
0.820312 0.328125 0.203125 0.391747 0.137903 0.1034 0.1551 -0.9825
-0.820312 0.328125 0.203125 0.363377 0.138692 -0.1034 0.1551 -0.9825
-0.84375 0.289062 0.210938 0.354026 0.159703 -0.1034 0.1551 -0.9825
-0.921875 0.359375 0.21875 0.315867 0.131791 -0.1034 0.1551 -0.9825
0.8125 -0.015625 0.273438 0.435018 0.28172 0.0841 0.9318 -0.353
0.882812 -0.023438 0.210938 0.452955 0.299977 0.0841 0.9318 -0.353
0.828125 -0.070312 0.132812 0.438641 0.319317 0.0841 0.9318 -0.353
-0.828125 -0.070312 0.132812 0.320962 0.322041 -0.0841 0.9318 -0.353
-0.882812 -0.023438 0.210938 0.306136 0.303024 -0.0841 0.9318 -0.353
-0.8125 -0.015625 0.273438 0.323658 0.284269 -0.0841 0.9318 -0.353
0.71875 -0.023438 0.171875 0.394766 0.313875 0.6446 -0.0883 -0.7594
0.71875 0.039062 0.1875 0.384658 0.289701 0.6446 -0.0883 -0.7594
0.84375 0.015625 0.273438 0.433669 0.270339 0.6446 -0.0883 -0.7594
-0.84375 0.015625 0.273438 0.324726 0.272823 -0.6446 -0.0883 -0.7594
-0.71875 0.039062 0.1875 0.3744 0.291031 -0.6446 -0.0883 -0.7594
-0.71875 -0.023438 0.171875 0.364838 0.315555 -0.6446 -0.0883 -0.7594
0.84375 0.015625 0.273438 0.433669 0.270339 0.4309 0.474 -0.7678
0.71875 0.039062 0.1875 0.384658 0.289701 0.4309 0.474 -0.7678
0.757812 0.09375 0.273438 0.410995 0.252338 0.4309 0.474 -0.7678
-0.757812 0.09375 0.273438 0.347028 0.254184 -0.4309 0.474 -0.7678
-0.71875 0.039062 0.1875 0.3744 0.291031 -0.4309 0.474 -0.7678
-0.84375 0.015625 0.273438 0.324726 0.272823 -0.4309 0.474 -0.7678
0.71875 0.039062 0.1875 0.384658 0.289701 0.8032 -0.4847 -0.3462
0.796875 0.203125 0.210938 0.384657 0.204577 0.8032 -0.4847 -0.3462
0.835938 0.171875 0.273438 0.418086 0.215054 0.8032 -0.4847 -0.3462
-0.835938 0.171875 0.273438 0.338952 0.216927 -0.8032 -0.4847 -0.3462
-0.796875 0.203125 0.210938 0.37227 0.205528 -0.8032 -0.4847 -0.3462
-0.71875 0.039062 0.1875 0.3744 0.291031 -0.8032 -0.4847 -0.3462
0.835938 0.171875 0.273438 0.418086 0.215054 0.5811 -0.4128 -0.7014
0.796875 0.203125 0.210938 0.384657 0.204577 0.5811 -0.4128 -0.7014
0.84375 0.289062 0.210938 0.401605 0.15854 0.5811 -0.4128 -0.7014
-0.84375 0.289062 0.210938 0.354026 0.159703 -0.5811 -0.4128 -0.7014
-0.796875 0.203125 0.210938 0.37227 0.205528 -0.5811 -0.4128 -0.7014
-0.835938 0.171875 0.273438 0.338952 0.216927 -0.5811 -0.4128 -0.7014
0.890625 0.242188 0.265625 0.431333 0.182465 0.591 -0.4305 -0.6822
0.84375 0.289062 0.210938 0.401605 0.15854 0.591 -0.4305 -0.6822
0.921875 0.359375 0.21875 0.438797 0.129771 0.591 -0.4305 -0.6822
-0.921875 0.359375 0.21875 0.315867 0.131791 -0.591 -0.4305 -0.6822
-0.84375 0.289062 0.210938 0.354026 0.159703 -0.591 -0.4305 -0.6822
-0.890625 0.242188 0.265625 0.32479 0.18454 -0.591 -0.4305 -0.6822
0.84375 0.289062 0.210938 0.825107 0.790238 0.9818 -0.1804 0.0591
0.796875 0.203125 0.210938 0.816266 0.796914 0.9818 -0.1804 0.0591
0.859375 0.320312 0.046875 0.809631 0.766113 0.9818 -0.1804 0.0591
-0.859375 0.320312 0.046875 0.219168 0.762612 -0.9818 -0.1804 0.0591
-0.796875 0.203125 0.210938 0.209828 0.793839 -0.9818 -0.1804 0.0591
-0.84375 0.289062 0.210938 0.199767 0.785173 -0.9818 -0.1804 0.0591
0.71875 0.039062 0.1875 0.802192 0.815391 0.9105 -0.3965 0.1175
0.726562 0 0.070312 0.783193 0.812551 0.9105 -0.3965 0.1175
0.859375 0.320312 0.046875 0.809631 0.766113 0.9105 -0.3965 0.1175
-0.859375 0.320312 0.046875 0.219168 0.762612 -0.9105 -0.3965 0.1175
-0.726562 0 0.070312 0.246955 0.812925 -0.9105 -0.3965 0.1175
-0.71875 0.039062 0.1875 0.226485 0.816914 -0.9105 -0.3965 0.1175
0.71875 0.039062 0.1875 0.802192 0.815391 0.9972 -0.0181 0.0725
0.71875 -0.023438 0.171875 0.796021 0.823031 0.9972 -0.0181 0.0725
0.726562 0 0.070312 0.783193 0.812551 0.9972 -0.0181 0.0725
-0.726562 0 0.070312 0.246955 0.812925 -0.9972 -0.0181 0.0725
-0.71875 -0.023438 0.171875 0.233625 0.82438 -0.9972 -0.0181 0.0725
-0.71875 0.039062 0.1875 0.226485 0.816914 -0.9972 -0.0181 0.0725
0.890625 0.234375 0.320312 0.448505 0.195379 0.7313 -0.6543 -0.1925
0.890625 0.242188 0.265625 0.431333 0.182465 0.7313 -0.6543 -0.1925
0.945312 0.304688 0.289062 0.457832 0.15996 0.7313 -0.6543 -0.1925
-0.945312 0.304688 0.289062 0.297562 0.162642 -0.7313 -0.6543 -0.1925
-0.890625 0.242188 0.265625 0.32479 0.18454 -0.7313 -0.6543 -0.1925
-0.890625 0.234375 0.320312 0.307886 0.197969 -0.7313 -0.6543 -0.1925
0.84375 0.171875 0.320312 0.435868 0.220431 0.7867 -0.6079 -0.1073
0.835938 0.171875 0.273438 0.418086 0.215054 0.7867 -0.6079 -0.1073
0.890625 0.242188 0.265625 0.431333 0.182465 0.7867 -0.6079 -0.1073
-0.890625 0.242188 0.265625 0.32479 0.18454 -0.7867 -0.6079 -0.1073
-0.835938 0.171875 0.273438 0.338952 0.216927 -0.7867 -0.6079 -0.1073
-0.84375 0.171875 0.320312 0.321237 0.222792 -0.7867 -0.6079 -0.1073
0.765625 0.09375 0.320312 0.423718 0.245809 0.7022 -0.7022 -0.117
0.757812 0.09375 0.273438 0.410995 0.252338 0.7022 -0.7022 -0.117
0.835938 0.171875 0.273438 0.418086 0.215054 0.7022 -0.7022 -0.117
-0.835938 0.171875 0.273438 0.338952 0.216927 -0.7022 -0.7022 -0.117
-0.757812 0.09375 0.273438 0.347028 0.254184 -0.7022 -0.7022 -0.117
-0.765625 0.09375 0.320312 0.334089 0.247955 -0.7022 -0.7022 -0.117
0.828125 0.078125 0.320312 0.43795 0.250223 0.184 0.9816 0.0511
0.820312 0.085938 0.273438 0.427812 0.257172 0.184 0.9816 0.0511
0.757812 0.09375 0.273438 0.410995 0.252338 0.184 0.9816 0.0511
-0.757812 0.09375 0.273438 0.347028 0.254184 -0.184 0.9816 0.0511
-0.820312 0.085938 0.273438 0.33027 0.259464 -0.184 0.9816 0.0511
-0.828125 0.078125 0.320312 0.319919 0.25275 -0.184 0.9816 0.0511
0.851562 0.015625 0.320312 0.445392 0.268003 0.9352 0.3301 -0.1284
0.84375 0.015625 0.273438 0.433669 0.270339 0.9352 0.3301 -0.1284
0.820312 0.085938 0.273438 0.427812 0.257172 0.9352 0.3301 -0.1284
-0.820312 0.085938 0.273438 0.33027 0.259464 -0.9352 0.3301 -0.1284
-0.84375 0.015625 0.273438 0.324726 0.272823 -0.9352 0.3301 -0.1284
-0.851562 0.015625 0.320312 0.312907 0.270778 -0.9352 0.3301 -0.1284
0.8125 -0.015625 0.320312 0.440995 0.275617 0.6633 -0.7463 -0.0553
0.8125 -0.015625 0.273438 0.435018 0.28172 0.6633 -0.7463 -0.0553
0.84375 0.015625 0.273438 0.433669 0.270339 0.6633 -0.7463 -0.0553
-0.84375 0.015625 0.273438 0.324726 0.272823 -0.6633 -0.7463 -0.0553
-0.8125 -0.015625 0.273438 0.323658 0.284269 -0.6633 -0.7463 -0.0553
-0.8125 -0.015625 0.320312 0.31751 0.278303 -0.6633 -0.7463 -0.0553
0.882812 -0.015625 0.265625 0.455277 0.286269 -0.0085 0.997 -0.0767
0.882812 -0.023438 0.210938 0.452955 0.299977 -0.0085 0.997 -0.0767
0.8125 -0.015625 0.273438 0.435018 0.28172 -0.0085 0.997 -0.0767
-0.8125 -0.015625 0.273438 0.323658 0.284269 0.0085 0.997 -0.0767
-0.882812 -0.023438 0.210938 0.306136 0.303024 0.0085 0.997 -0.0767
-0.882812 -0.015625 0.265625 0.30346 0.289343 0.0085 0.997 -0.0767
0.953125 0.289062 0.34375 0.473386 0.1753 0.6237 -0.7061 -0.3354
0.945312 0.304688 0.289062 0.457832 0.15996 0.6237 -0.7061 -0.3354
1.02344 0.34375 0.359375 0.501231 0.155644 0.6237 -0.7061 -0.3354
-1.02344 0.34375 0.359375 0.253846 0.159498 -0.6237 -0.7061 -0.3354
-0.945312 0.304688 0.289062 0.297562 0.162642 -0.6237 -0.7061 -0.3354
-0.953125 0.289062 0.34375 0.282357 0.178475 -0.6237 -0.7061 -0.3354
1.03906 0.328125 0.414062 0.512485 0.171189 0.2733 -0.8925 -0.3587
1.02344 0.34375 0.359375 0.501231 0.155644 0.2733 -0.8925 -0.3587
1.17188 0.359375 0.4375 0.555495 0.173648 0.2733 -0.8925 -0.3587
-1.17188 0.359375 0.4375 0.19985 0.179111 -0.2733 -0.8925 -0.3587
-1.02344 0.34375 0.359375 0.253846 0.159498 -0.2733 -0.8925 -0.3587
-1.03906 0.328125 0.414062 0.242975 0.175426 -0.2733 -0.8925 -0.3587
1.1875 0.34375 0.484375 0.550942 0.188186 -0.8328 -0.508 0.22
1.17188 0.359375 0.4375 0.555495 0.173648 -0.8328 -0.508 0.22
1.23438 0.25 0.445312 0.568148 0.212633 -0.8328 -0.508 0.22
-1.23438 0.25 0.445312 0.188269 0.218625 0.8328 -0.508 0.22
-1.17188 0.359375 0.4375 0.19985 0.179111 0.8328 -0.508 0.22
-1.1875 0.34375 0.484375 0.204839 0.193583 0.8328 -0.508 0.22
1.25781 0.242188 0.492188 0.552139 0.212318 -0.8339 0.2377 0.4981
1.23438 0.25 0.445312 0.568148 0.212633 -0.8339 0.2377 0.4981
1.1875 0.09375 0.445312 0.54285 0.244247 -0.8339 0.2377 0.4981
-1.1875 0.09375 0.445312 0.214575 0.249586 0.8339 0.2377 0.4981
-1.23438 0.25 0.445312 0.188269 0.218625 0.8339 0.2377 0.4981
-1.25781 0.242188 0.492188 0.204331 0.217844 0.8339 0.2377 0.4981
1.21094 0.085938 0.484375 0.539407 0.235461 -0.5655 0.7847 0.2539
1.1875 0.09375 0.445312 0.54285 0.244247 -0.5655 0.7847 0.2539
1.03906 0 0.367188 0.505666 0.269056 -0.5655 0.7847 0.2539
-1.03906 0 0.367188 0.252524 0.273408 0.5655 0.7847 0.2539
-1.1875 0.09375 0.445312 0.214575 0.249586 0.5655 0.7847 0.2539
-1.21094 0.085938 0.484375 0.217774 0.240681 0.5655 0.7847 0.2539
1.04688 0 0.421875 0.508439 0.256865 -0.056 0.9962 -0.0672
1.03906 0 0.367188 0.505666 0.269056 -0.056 0.9962 -0.0672
0.882812 -0.023438 0.210938 0.452955 0.299977 -0.056 0.9962 -0.0672
-0.882812 -0.023438 0.210938 0.306136 0.303024 0.056 0.9962 -0.0672
-1.03906 0 0.367188 0.252524 0.273408 0.056 0.9962 -0.0672
-1.04688 0 0.421875 0.249419 0.261268 0.056 0.9962 -0.0672
0.9375 0.0625 0.335938 0.470841 0.251592 0.1445 0.0222 -0.9893
0.851562 0.015625 0.320312 0.445392 0.268003 0.1445 0.0222 -0.9893
0.828125 0.078125 0.320312 0.43795 0.250223 0.1445 0.0222 -0.9893
-0.828125 0.078125 0.320312 0.319919 0.25275 -0.1445 0.0222 -0.9893
-0.851562 0.015625 0.320312 0.312907 0.270778 -0.1445 0.0222 -0.9893
-0.9375 0.0625 0.335938 0.28696 0.25498 -0.1445 0.0222 -0.9893
1 0.125 0.367188 0.48887 0.229536 0.3275 0.0645 -0.9427
0.9375 0.0625 0.335938 0.470841 0.251592 0.3275 0.0645 -0.9427
0.890625 0.109375 0.328125 0.454776 0.238335 0.3275 0.0645 -0.9427
-0.890625 0.109375 0.328125 0.302729 0.241258 -0.3275 0.0645 -0.9427
-0.9375 0.0625 0.335938 0.28696 0.25498 -0.3275 0.0645 -0.9427
-1 0.125 0.367188 0.268291 0.233339 -0.3275 0.0645 -0.9427
1.05469 0.1875 0.382812 0.503673 0.212438 0.3127 0.0232 -0.9496
1 0.125 0.367188 0.48887 0.229536 0.3127 0.0232 -0.9496
0.960938 0.171875 0.351562 0.475403 0.216096 0.3127 0.0232 -0.9496
-0.960938 0.171875 0.351562 0.281439 0.219489 -0.3127 0.0232 -0.9496
-1 0.125 0.367188 0.268291 0.233339 -0.3127 0.0232 -0.9496
-1.05469 0.1875 0.382812 0.252972 0.21659 -0.3127 0.0232 -0.9496
1.10938 0.210938 0.390625 0.518562 0.208398 0.171 0.0274 -0.9849
1.05469 0.1875 0.382812 0.503673 0.212438 0.171 0.0274 -0.9849
1.01562 0.234375 0.375 0.494476 0.19753 0.171 0.0274 -0.9849
-1.01562 0.234375 0.375 0.26179 0.201374 -0.171 0.0274 -0.9849
-1.05469 0.1875 0.382812 0.252972 0.21659 -0.171 0.0274 -0.9849
-1.10938 0.210938 0.390625 0.23792 0.212955 -0.171 0.0274 -0.9849
1.01562 0.234375 0.375 0.494476 0.19753 0.3487 0.2849 -0.8929
0.953125 0.289062 0.34375 0.473386 0.1753 0.3487 0.2849 -0.8929
1.03906 0.328125 0.414062 0.512485 0.171189 0.3487 0.2849 -0.8929
-1.03906 0.328125 0.414062 0.242975 0.175426 -0.3487 0.2849 -0.8929
-0.953125 0.289062 0.34375 0.282357 0.178475 -0.3487 0.2849 -0.8929
-1.01562 0.234375 0.375 0.26179 0.201374 -0.3487 0.2849 -0.8929
1.01562 0.234375 0.375 0.494476 0.19753 0.4006 -0.0343 -0.9156
0.960938 0.171875 0.351562 0.475403 0.216096 0.4006 -0.0343 -0.9156
0.890625 0.234375 0.320312 0.448505 0.195379 0.4006 -0.0343 -0.9156
-0.890625 0.234375 0.320312 0.307886 0.197969 -0.4006 -0.0343 -0.9156
-0.960938 0.171875 0.351562 0.281439 0.219489 -0.4006 -0.0343 -0.9156
-1.01562 0.234375 0.375 0.26179 0.201374 -0.4006 -0.0343 -0.9156
0.890625 0.109375 0.328125 0.454776 0.238335 0.2572 -0.0603 -0.9645
0.84375 0.171875 0.320312 0.435868 0.220431 0.2572 -0.0603 -0.9645
0.890625 0.234375 0.320312 0.448505 0.195379 0.2572 -0.0603 -0.9645
-0.890625 0.234375 0.320312 0.307886 0.197969 -0.2572 -0.0603 -0.9645
-0.84375 0.171875 0.320312 0.321237 0.222792 -0.2572 -0.0603 -0.9645
-0.890625 0.109375 0.328125 0.302729 0.241258 -0.2572 -0.0603 -0.9645
0.84375 0.171875 0.320312 0.435868 0.220431 0.0637 -0.0106 -0.9979
0.890625 0.109375 0.328125 0.454776 0.238335 0.0637 -0.0106 -0.9979
0.828125 0.078125 0.320312 0.43795 0.250223 0.0637 -0.0106 -0.9979
-0.828125 0.078125 0.320312 0.319919 0.25275 -0.0637 -0.0106 -0.9979
-0.890625 0.109375 0.328125 0.302729 0.241258 -0.0637 -0.0106 -0.9979
-0.84375 0.171875 0.320312 0.321237 0.222792 -0.0637 -0.0106 -0.9979
0.9375 0.0625 0.335938 0.470841 0.251592 -0.3637 0.7039 -0.6101
0.882812 -0.015625 0.265625 0.455277 0.286269 -0.3637 0.7039 -0.6101
0.8125 -0.015625 0.320312 0.440995 0.275617 -0.3637 0.7039 -0.6101
-0.8125 -0.015625 0.320312 0.31751 0.278303 0.3637 0.7039 -0.6101
-0.882812 -0.015625 0.265625 0.30346 0.289343 0.3637 0.7039 -0.6101
-0.9375 0.0625 0.335938 0.28696 0.25498 0.3637 0.7039 -0.6101
0.9375 0.0625 0.335938 0.470841 0.251592 0.6299 0.0355 -0.7759
1 0.125 0.367188 0.48887 0.229536 0.6299 0.0355 -0.7759
1.04688 0 0.421875 0.508439 0.256865 0.6299 0.0355 -0.7759
-1.04688 0 0.421875 0.249419 0.261268 -0.6299 0.0355 -0.7759
-1 0.125 0.367188 0.268291 0.233339 -0.6299 0.0355 -0.7759
-0.9375 0.0625 0.335938 0.28696 0.25498 -0.6299 0.0355 -0.7759
1 0.125 0.367188 0.48887 0.229536 0.4472 -0.2002 -0.8717
1.05469 0.1875 0.382812 0.503673 0.212438 0.4472 -0.2002 -0.8717
1.21094 0.085938 0.484375 0.539407 0.235461 0.4472 -0.2002 -0.8717
-1.21094 0.085938 0.484375 0.217774 0.240681 -0.4472 -0.2002 -0.8717
-1.05469 0.1875 0.382812 0.252972 0.21659 -0.4472 -0.2002 -0.8717
-1 0.125 0.367188 0.268291 0.233339 -0.4472 -0.2002 -0.8717
1.05469 0.1875 0.382812 0.503673 0.212438 0.5072 -0.2141 -0.8348
1.10938 0.210938 0.390625 0.518562 0.208398 0.5072 -0.2141 -0.8348
1.25781 0.242188 0.492188 0.552139 0.212318 0.5072 -0.2141 -0.8348
-1.25781 0.242188 0.492188 0.204331 0.217844 -0.5072 -0.2141 -0.8348
-1.10938 0.210938 0.390625 0.23792 0.212955 -0.5072 -0.2141 -0.8348
-1.05469 0.1875 0.382812 0.252972 0.21659 -0.5072 -0.2141 -0.8348
1.10938 0.210938 0.390625 0.518562 0.208398 0.5258 0.2619 -0.8093
1.08594 0.273438 0.390625 0.516802 0.192661 0.5258 0.2619 -0.8093
1.1875 0.34375 0.484375 0.550942 0.188186 0.5258 0.2619 -0.8093
-1.1875 0.34375 0.484375 0.204839 0.193583 -0.5258 0.2619 -0.8093
-1.08594 0.273438 0.390625 0.239243 0.197109 -0.5258 0.2619 -0.8093
-1.10938 0.210938 0.390625 0.23792 0.212955 -0.5258 0.2619 -0.8093
1.1875 0.34375 0.484375 0.550942 0.188186 0.298 0.5802 -0.758
1.08594 0.273438 0.390625 0.516802 0.192661 0.298 0.5802 -0.758
1.03906 0.328125 0.414062 0.512485 0.171189 0.298 0.5802 -0.758
-1.03906 0.328125 0.414062 0.242975 0.175426 -0.298 0.5802 -0.758
-1.08594 0.273438 0.390625 0.239243 0.197109 -0.298 0.5802 -0.758
-1.1875 0.34375 0.484375 0.204839 0.193583 -0.298 0.5802 -0.758
0.789062 -0.125 0.328125 0.484068 0.371224 0.093 -0.9924 0.0805
0.773438 -0.140625 0.125 0.434803 0.341118 0.093 -0.9924 0.0805
1.03906 -0.101562 0.328125 0.50827 0.302307 0.093 -0.9924 0.0805
-1.03906 -0.101562 0.328125 0.250811 0.306751 -0.093 -0.9924 0.0805
-0.773438 -0.140625 0.125 0.325318 0.343776 -0.093 -0.9924 0.0805
-0.789062 -0.125 0.328125 0.276936 0.374933 -0.093 -0.9924 0.0805
1.03906 -0.085938 0.492188 0.543385 0.316462 0.5006 -0.8657 -0.008
1.03906 -0.101562 0.328125 0.50827 0.302307 0.5006 -0.8657 -0.008
1.28125 0.054688 0.429688 0.563786 0.260789 0.5006 -0.8657 -0.008
-1.28125 0.054688 0.429688 0.194086 0.266759 -0.5006 -0.8657 -0.008
-1.03906 -0.101562 0.328125 0.250811 0.306751 -0.5006 -0.8657 -0.008
-1.03906 -0.085938 0.492188 0.216123 0.32188 -0.5006 -0.8657 -0.008
1.3125 0.054688 0.53125 0.581052 0.273067 0.9285 -0.2497 -0.2748
1.28125 0.054688 0.429688 0.563786 0.260789 0.9285 -0.2497 -0.2748
1.35156 0.320312 0.421875 0.619962 0.208385 0.9285 -0.2497 -0.2748
-1.35156 0.320312 0.421875 0.136063 0.215907 -0.9285 -0.2497 -0.2748
-1.28125 0.054688 0.429688 0.194086 0.266759 -0.9285 -0.2497 -0.2748
-1.3125 0.054688 0.53125 0.177176 0.279574 -0.9285 -0.2497 -0.2748
1.36719 0.296875 0.5 0.616701 0.240035 0.8393 0.5424 0.0378
1.35156 0.320312 0.421875 0.619962 0.208385 0.8393 0.5424 0.0378
1.23438 0.507812 0.421875 0.707492 0.240116 0.8393 0.5424 0.0378
-1.23438 0.507812 0.421875 0.049526 0.251176 -0.8393 0.5424 0.0378
-1.35156 0.320312 0.421875 0.136063 0.215907 -0.8393 0.5424 0.0378
-1.36719 0.296875 0.5 0.140379 0.247623 -0.8393 0.5424 0.0378
1.25 0.46875 0.546875 0.660647 0.258833 -0.2355 0.9367 0.2589
1.23438 0.507812 0.421875 0.707492 0.240116 -0.2355 0.9367 0.2589
1.02344 0.476562 0.3125 0.745511 0.3479 -0.2355 0.9367 0.2589
-1.02344 0.476562 0.3125 0.019409 0.360251 0.2355 0.9367 0.2589
-1.23438 0.507812 0.421875 0.049526 0.251176 0.2355 0.9367 0.2589
-1.25 0.46875 0.546875 0.097038 0.267948 0.2355 0.9367 0.2589
1.02344 0.4375 0.484375 0.677256 0.329564 -0.4499 0.8838 0.1285
1.02344 0.476562 0.3125 0.745511 0.3479 -0.4499 0.8838 0.1285
0.890625 0.40625 0.234375 0.740843 0.427572 -0.4499 0.8838 0.1285
-0.890625 0.40625 0.234375 0.033664 0.435597 0.4499 0.8838 0.1285
-1.02344 0.476562 0.3125 0.019409 0.360251 0.4499 0.8838 0.1285
-1.02344 0.4375 0.484375 0.083564 0.337962 0.4499 0.8838 0.1285
0.789062 -0.125 0.328125 0.484068 0.371224 -0.5384 -0.0098 0.8427
1.03906 -0.085938 0.492188 0.543385 0.316462 -0.5384 -0.0098 0.8427
1.02344 0.4375 0.484375 0.677256 0.329564 -0.5384 -0.0098 0.8427
-1.02344 0.4375 0.484375 0.083564 0.337962 0.5384 -0.0098 0.8427
-1.03906 -0.085938 0.492188 0.216123 0.32188 0.5384 -0.0098 0.8427
-0.789062 -0.125 0.328125 0.276936 0.374933 0.5384 -0.0098 0.8427
1.3125 0.054688 0.53125 0.581052 0.273067 -0.191 -0.0241 0.9813
1.25 0.46875 0.546875 0.660647 0.258833 -0.191 -0.0241 0.9813
1.02344 0.4375 0.484375 0.677256 0.329564 -0.191 -0.0241 0.9813
-1.02344 0.4375 0.484375 0.083564 0.337962 0.191 -0.0241 0.9813
-1.25 0.46875 0.546875 0.097038 0.267948 0.191 -0.0241 0.9813
-1.3125 0.054688 0.53125 0.177176 0.279574 0.191 -0.0241 0.9813
1.3125 0.054688 0.53125 0.581052 0.273067 0.4046 0.0266 0.9141
1.36719 0.296875 0.5 0.616701 0.240035 0.4046 0.0266 0.9141
1.25 0.46875 0.546875 0.660647 0.258833 0.4046 0.0266 0.9141
-1.25 0.46875 0.546875 0.097038 0.267948 -0.4046 0.0266 0.9141
-1.36719 0.296875 0.5 0.140379 0.247623 -0.4046 0.0266 0.9141
-1.3125 0.054688 0.53125 0.177176 0.279574 -0.4046 0.0266 0.9141
0.890625 0.40625 0.234375 0.834578 0.793121 -0.7819 0.6231 -0.0197
0.820312 0.328125 0.203125 0.829287 0.780438 -0.7819 0.6231 -0.0197
0.773438 0.265625 0.4375 0.842355 0.80484 -0.7819 0.6231 -0.0197
-0.773438 0.265625 0.4375 0.145041 0.437405 0.7819 0.6231 -0.0197
-0.820312 0.328125 0.203125 0.051216 0.477341 0.7819 0.6231 -0.0197
-0.890625 0.40625 0.234375 0.033664 0.435597 0.7819 0.6231 -0.0197
0.789062 -0.125 0.328125 0.484068 0.371224 0.5428 -0.2063 0.8142
0.859375 0.382812 0.382812 0.671403 0.407344 0.5428 -0.2063 0.8142
0.773438 0.265625 0.4375 0.62042 0.434325 0.5428 -0.2063 0.8142
-0.773438 0.265625 0.4375 0.145041 0.437405 -0.5428 -0.2063 0.8142
-0.859375 0.382812 0.382812 0.09282 0.410138 -0.5428 -0.2063 0.8142
-0.789062 -0.125 0.328125 0.276936 0.374933 -0.5428 -0.2063 0.8142
0.789062 -0.125 0.328125 0.484068 0.371224 -0.2474 -0.9231 0.2945
0.640625 -0.007812 0.429688 0.498072 0.447685 -0.2474 -0.9231 0.2945
0.59375 -0.125 0.164062 0.391039 0.388109 -0.2474 -0.9231 0.2945
-0.59375 -0.125 0.164062 0.369913 0.389804 0.2474 -0.9231 0.2945
-0.640625 -0.007812 0.429688 0.264218 0.44986 0.2474 -0.9231 0.2945
-0.789062 -0.125 0.328125 0.276936 0.374933 0.2474 -0.9231 0.2945
